9.006440639495849609e-02
2.377767264842987061e-01
-3.362360596656799316e-02
3.007481694221496582e-01
3.397960364818572998e-01
1.868601143360137939e-01
5.788694620132446289e-01
3.220955729484558105e-01
2.496913969516754150e-01
2.341220974922180176e-01
3.077879548072814941e-01
3.825705647468566895e-01
-1.553970575332641602e-02
3.313792645931243896e-01
5.206041336059570312e-01
3.981349766254425049e-01
6.000983119010925293e-01
4.375717639923095703e-01
2.696332633495330811e-01
2.870320677757263184e-01
3.206115365028381348e-01
5.654950737953186035e-01
3.958574235439300537e-01
-4.389220476150512695e-02
3.678384721279144287e-01
2.459010779857635498e-01
4.627701044082641602e-01
2.100989222526550293e-01
1.072285175323486328e-01
-1.202590167522430420e-01
3.145722150802612305e-01
4.131058454513549805e-01
1.040756702423095703e-01
2.868912220001220703e-01
2.293530106544494629e-01
3.864753842353820801e-01
1.748955249786376953e-02
5.482041835784912109e-02
3.293125629425048828e-01
2.667072415351867676e-01
2.400892674922943115e-01
5.953462123870849609e-01
3.053455352783203125e-01
3.065996766090393066e-01
2.983425259590148926e-01
-4.007613658905029297e-02
1.594459414482116699e-01
4.689814448356628418e-01
2.155345678329467773e-01
2.392528653144836426e-01
3.441804349422454834e-01
4.677720963954925537e-01
4.167546331882476807e-01
5.180234909057617188e-01
7.236737608909606934e-01
4.555610716342926025e-01
-1.443341374397277832e-02
6.775456666946411133e-01
-4.178792238235473633e-03
-9.478589892387390137e-02
2.354770898818969727e-01
4.369913041591644287e-01
8.896040916442871094e-02
1.992791891098022461e-01
2.538953423500061035e-01
5.743581056594848633e-01
-1.672550439834594727e-01
5.168207287788391113e-01
4.189183712005615234e-01
4.798783361911773682e-01
2.054732441902160645e-01
4.505211114883422852e-01
5.269342660903930664e-01
1.131995022296905518e-01
3.818246126174926758e-01
3.992709517478942871e-01
2.957399487495422363e-01
5.789953470230102539e-01
1.854978799819946289e-01
5.362286567687988281e-01
7.807296514511108398e-02
3.751944601535797119e-01
5.418257713317871094e-01
2.722126841545104980e-01
1.658268272876739502e-01
5.729156136512756348e-01
3.760539293289184570e-01
-1.466735601425170898e-01
2.599221467971801758e-02
3.114621639251708984e-01
3.696893453598022461e-01
3.688091039657592773e-01
3.453313708305358887e-01
4.446007609367370605e-01
5.400958657264709473e-01
2.361068129539489746e-01
4.624499678611755371e-01
3.220674991607666016e-01
3.802740573883056641e-01
4.913709163665771484e-01
-9.344071149826049805e-03
1.553463637828826904e-01
3.124560713768005371e-01
1.621537506580352783e-01
4.262163341045379639e-01
3.626377582550048828e-01
2.362856864929199219e-01
-9.437322616577148438e-03
1.767925918102264404e-01
4.494101107120513916e-01
2.601602375507354736e-01
2.460578382015228271e-01
4.077730178833007812e-01
3.059213161468505859e-01
2.745956182479858398e-02
-7.241755723953247070e-02
2.581573426723480225e-01
4.442796707153320312e-01
4.959523677825927734e-02
1.817392110824584961e-01
8.066615462303161621e-02
5.839448571205139160e-01
2.223252356052398682e-01
2.433487176895141602e-01
2.753403186798095703e-01
2.081296145915985107e-01
3.503073453903198242e-01
5.143183469772338867e-02
2.994805574417114258e-01
1.725753545761108398e-01
3.060079514980316162e-01
4.512354731559753418e-01
2.935849726200103760e-01
4.832392930984497070e-01
5.527091026306152344e-01
3.441440463066101074e-01
3.427515029907226562e-01
4.326099157333374023e-01
-1.262788176536560059e-01
3.498026132583618164e-01
4.686716198921203613e-02
2.821519970893859863e-01
3.467531502246856689e-01
8.219468593597412109e-02
1.053415536880493164e-01
3.805041313171386719e-01
4.962682425975799561e-01
3.626531958580017090e-01
-1.193457841873168945e-02
3.356388509273529053e-01
6.938461065292358398e-01
2.953183650970458984e-01
5.891602039337158203e-01
3.206861019134521484e-02
5.510336756706237793e-01
4.568418562412261963e-01
5.766087174415588379e-01
2.837781608104705811e-01
1.879056990146636963e-01
1.736289858818054199e-01
2.305393815040588379e-01
3.587163090705871582e-01
2.732554674148559570e-01
2.853281199932098389e-01
2.120355367660522461e-01
9.155675768852233887e-02
5.306789875030517578e-01
1.711739301681518555e-01
4.831807911396026611e-01
4.468921720981597900e-01
2.621005177497863770e-01
3.297380805015563965e-01
9.581089019775390625e-02
4.466847181320190430e-01
4.122317433357238770e-01
1.532271206378936768e-01
3.890000879764556885e-01
-6.578579545021057129e-02
2.408286333084106445e-01
3.581444919109344482e-01
3.922905325889587402e-01
2.608182430267333984e-01
2.719566226005554199e-01
2.407745420932769775e-01
4.376981258392333984e-01
4.302155971527099609e-01
5.559334754943847656e-01
3.181209266185760498e-01
2.655633091926574707e-01
1.506550610065460205e-01
4.390655159950256348e-01
1.485267281532287598e-01
3.431510329246520996e-01
3.880823254585266113e-01
-9.386870265007019043e-02
5.755302906036376953e-01
3.539844751358032227e-01
1.902818679809570312e-01
5.066478252410888672e-01
4.366379380226135254e-01
4.813889563083648682e-01
3.507077693939208984e-01
2.505392134189605713e-01
2.803247570991516113e-01
2.094715237617492676e-01
-6.696698069572448730e-02
4.644204080104827881e-01
6.060642004013061523e-02
3.198873400688171387e-01
5.924077630043029785e-01
6.411644816398620605e-02
2.588519454002380371e-01
4.601096212863922119e-01
1.244110167026519775e-01
1.938819885253906250e-01
1.230643987655639648e-01
5.387146472930908203e-01
1.784436106681823730e-01
4.178652763366699219e-01
6.704966425895690918e-01
4.188370704650878906e-01
2.069951295852661133e-01
-2.521240711212158203e-02
5.050638914108276367e-01
5.111056566238403320e-01
9.696024656295776367e-02
2.544486820697784424e-01
7.211065292358398438e-02
1.588755249977111816e-01
3.610734641551971436e-01
1.438940763473510742e-01
3.623025715351104736e-01
2.524174451828002930e-01
4.342922270298004150e-01
3.077785670757293701e-01
3.506864309310913086e-01
4.553101360797882080e-01
-1.111835241317749023e-02
6.522285938262939453e-02
2.017762660980224609e-01
2.519965469837188721e-01
3.138028681278228760e-01
3.278961479663848877e-01
2.003612518310546875e-01
4.043931365013122559e-01
1.814864277839660645e-01
2.535265386104583740e-01
1.616786718368530273e-01
6.388379335403442383e-01
3.933852910995483398e-01
3.390409946441650391e-01
4.714925289154052734e-01
1.852566301822662354e-01
5.993930101394653320e-01
5.030406117439270020e-01
8.371722698211669922e-02
5.125599503517150879e-01
3.454793393611907959e-01
1.230196356773376465e-01
2.599314749240875244e-01
1.271410584449768066e-01
4.054852426052093506e-01
4.611126780509948730e-01
2.883662581443786621e-01
1.270729303359985352e-01
3.891509175300598145e-01
1.780675053596496582e-01
2.928118407726287842e-01
3.709374964237213135e-01
3.524821698665618896e-01
3.497092723846435547e-01
2.623088359832763672e-01
3.517757952213287354e-01
3.020434081554412842e-01
3.128180205821990967e-01
1.153738498687744141e-01
2.099261581897735596e-01
2.205430865287780762e-01
4.805818200111389160e-01
3.552063703536987305e-01
6.959950923919677734e-02
5.045878291130065918e-01
4.229752421379089355e-01
3.918495774269104004e-01
1.838770508766174316e-01
1.201650500297546387e-02
4.498476386070251465e-01
7.678103446960449219e-02
5.028095841407775879e-01
1.269643306732177734e-01
4.401231110095977783e-01
8.443146944046020508e-02
4.047693014144897461e-01
2.882057726383209229e-01
1.642370820045471191e-01
8.831113576889038086e-02
1.885366439819335938e-01
1.328855752944946289e-01
1.231785416603088379e-01
4.247343242168426514e-01
1.147814095020294189e-01
5.035236477851867676e-01
4.511572718620300293e-01
-2.804934978485107422e-03
3.340954780578613281e-01
1.733703017234802246e-01
4.057008624076843262e-01
-7.581821084022521973e-02
4.176031947135925293e-01
2.886777520179748535e-01
4.223857223987579346e-01
7.369309663772583008e-02
6.886824369430541992e-01
2.731452882289886475e-01
1.073658168315887451e-01
3.752491176128387451e-01
3.463023304939270020e-01
2.883416414260864258e-02
4.050656259059906006e-01
4.091753959655761719e-01
2.236603200435638428e-01
-3.111013770103454590e-02
1.301299631595611572e-01
2.097811102867126465e-01
2.846740484237670898e-01
2.776880264282226562e-01
2.992353439331054688e-01
2.852718830108642578e-01
1.424988210201263428e-01
2.383093535900115967e-01
3.576299548149108887e-01
3.295489251613616943e-01
1.408964395523071289e-02
1.697483062744140625e-01
4.225613474845886230e-01
5.378309488296508789e-01
1.971350908279418945e-01
2.239745259284973145e-01
2.038784921169281006e-01
6.564754247665405273e-01
4.447066187858581543e-01
2.605962157249450684e-01
4.743736386299133301e-01
4.171261787414550781e-01
1.398561000823974609e-01
4.166499078273773193e-01
4.674074053764343262e-01
3.581955730915069580e-01
2.458321750164031982e-01
4.288596808910369873e-01
1.124132275581359863e-01
4.753389060497283936e-01
2.262201607227325439e-01
5.200588703155517578e-02
1.283615827560424805e-01
3.328303098678588867e-01
4.125053286552429199e-01
1.079826653003692627e-01
2.889466285705566406e-01
1.085308194160461426e-01
2.768046557903289795e-01
1.133300960063934326e-01
2.424237132072448730e-01
-1.286634802818298340e-02
-3.631347417831420898e-02
5.718249082565307617e-01
2.769691050052642822e-01
2.308464348316192627e-01
1.596150696277618408e-01
4.117997884750366211e-01
1.831808090209960938e-01
3.360527157783508301e-01
3.178088665008544922e-01
2.251676619052886963e-01
9.920561313629150391e-02
4.935644268989562988e-01
2.714660763740539551e-01
3.830987811088562012e-01
1.628461182117462158e-01
2.834235429763793945e-01
-3.571933507919311523e-02
3.064700961112976074e-01
2.832906842231750488e-01
4.185452163219451904e-01
3.342901766300201416e-01
1.542276740074157715e-01
4.500407874584197998e-01
2.361478507518768311e-01
3.553791940212249756e-01
2.607514858245849609e-01
1.368831992149353027e-01
4.140616655349731445e-01
5.406488776206970215e-01
2.848502993583679199e-01
3.815366625785827637e-01
2.945388555526733398e-01
2.977714240550994873e-01
6.117616891860961914e-01
2.271117568016052246e-01
1.665911376476287842e-01
-1.129733920097351074e-01
4.547069072723388672e-01
2.235627770423889160e-01
2.595088481903076172e-01
1.855094432830810547e-01
9.342756867408752441e-02
1.432136595249176025e-01
3.678875267505645752e-01
3.467905223369598389e-01
2.938178777694702148e-01
6.292364001274108887e-02
4.603440165519714355e-01
5.608093142509460449e-01
9.235191345214843750e-02
1.834752857685089111e-01
3.081591427326202393e-01
4.207915663719177246e-01
2.246315777301788330e-01
3.317243456840515137e-01
4.298592209815979004e-01
4.451072216033935547e-01
5.204889178276062012e-01
1.861259341239929199e-01
3.419380486011505127e-01
2.527134716510772705e-01
2.842040061950683594e-01
1.950824856758117676e-01
4.530776739120483398e-01
3.436151444911956787e-01
5.458757281303405762e-01
3.637186884880065918e-01
1.072472333908081055e-01
5.970293283462524414e-01
1.604778468608856201e-01
4.547762870788574219e-02
3.198927044868469238e-01
1.377522051334381104e-01
9.536117315292358398e-02
3.984230756759643555e-01
1.235725879669189453e-01
1.619529426097869873e-01
5.608943700790405273e-01
1.400741040706634521e-01
3.283720910549163818e-01
2.949011921882629395e-01
3.202226459980010986e-01
3.667563796043395996e-01
5.447320342063903809e-01
4.060941934585571289e-01
5.174209475517272949e-01
1.588477492332458496e-01
3.080968260765075684e-01
1.296592950820922852e-01
2.495017647743225098e-01
2.918749749660491943e-01
1.948748826980590820e-01
-6.238442659378051758e-02
2.989108860492706299e-01
4.845970869064331055e-01
-4.793801903724670410e-02
5.044243335723876953e-01
2.816279530525207520e-01
8.754825592041015625e-02
3.705082535743713379e-01
2.332507371902465820e-01
1.783334612846374512e-01
3.005576133728027344e-01
5.494903326034545898e-01
1.941691637039184570e-01
5.436652898788452148e-01
3.708374798297882080e-01
2.690177857875823975e-01
5.465967655181884766e-01
6.951635479927062988e-01
4.046437144279479980e-01
3.773897886276245117e-01
3.757483959197998047e-01
1.837221384048461914e-01
-3.189235925674438477e-02
3.297460675239562988e-01
2.259266972541809082e-01
3.405596315860748291e-01
1.591974794864654541e-01
1.007249355316162109e-01
2.258735895156860352e-01
3.766667544841766357e-01
4.130210578441619873e-01
3.160137534141540527e-01
-1.379117369651794434e-01
5.644053220748901367e-01
1.225169301033020020e-01
1.898579001426696777e-01
3.909676373004913330e-01
4.632797241210937500e-01
1.946130692958831787e-01
1.970011293888092041e-01
9.930297732353210449e-02
3.340351581573486328e-01
-2.638697624206542969e-04
5.795239806175231934e-01
2.665454149246215820e-01
3.483942151069641113e-01
2.040327191352844238e-01
6.151711344718933105e-01
2.402100563049316406e-01
3.703638017177581787e-01
-1.000044941902160645e-01
4.535140395164489746e-01
2.060015201568603516e-01
5.037747621536254883e-01
4.195195436477661133e-02
1.858364939689636230e-01
1.715229749679565430e-01
2.248100638389587402e-01
-1.607859134674072266e-02
3.653824031352996826e-01
4.133463799953460693e-01
3.772537708282470703e-01
5.540329813957214355e-01
4.095439910888671875e-01
4.507936239242553711e-01
4.114124476909637451e-01
2.052115201950073242e-01
1.089489459991455078e-01
2.799884080886840820e-01
2.829413414001464844e-01
4.865309596061706543e-01
9.229981899261474609e-02
2.748276889324188232e-01
1.449796557426452637e-01
-2.258870601654052734e-01
7.676637172698974609e-02
1.994955241680145264e-01
4.390037059783935547e-01
4.197826683521270752e-01
3.689112663269042969e-01
3.673971593379974365e-01
3.029931485652923584e-01
1.435046494007110596e-01
9.155187010765075684e-02
2.414475381374359131e-01
1.357618272304534912e-01
-6.076228618621826172e-02
3.369843065738677979e-01
3.202745616436004639e-01
2.230471372604370117e-01
1.255688071250915527e-01
2.690718173980712891e-01
3.112443685531616211e-01
2.573225498199462891e-01
3.973544239997863770e-01
1.555267274379730225e-01
2.742424011230468750e-01
2.452515363693237305e-01
2.102838158607482910e-01
4.603293836116790771e-01
2.962489724159240723e-01
1.971103549003601074e-01
1.488225460052490234e-01
1.727471947669982910e-01
5.165196061134338379e-01
1.436929702758789062e-01
2.644495368003845215e-01
3.836424350738525391e-01
3.508799672126770020e-01
3.087106049060821533e-01
2.800504267215728760e-01
2.756928205490112305e-01
4.622263014316558838e-01
1.225624978542327881e-01
3.526153266429901123e-01
2.420864105224609375e-01
2.123388946056365967e-01
7.713836431503295898e-02
1.835410296916961670e-01
3.084591031074523926e-01
2.856709361076354980e-01
5.050897598266601562e-01
2.479702234268188477e-01
3.017266988754272461e-01
4.087392687797546387e-01
2.511634230613708496e-01
3.876712322235107422e-01
3.103897273540496826e-01
1.055239439010620117e-01
2.683365643024444580e-01
5.146282911300659180e-02
4.268021583557128906e-01
2.164546549320220947e-01
2.660302817821502686e-01
5.456668138504028320e-01
2.554644942283630371e-01
4.231018424034118652e-01
3.603716790676116943e-01
1.714134514331817627e-01
6.016136407852172852e-01
5.533573627471923828e-01
2.506953477859497070e-01
2.602804899215698242e-01
5.687852501869201660e-01
2.059609889984130859e-01
1.546699106693267822e-01
2.050423622131347656e-01
6.950691342353820801e-02
1.669097542762756348e-01
2.477707266807556152e-01
1.290991604328155518e-01
3.422319889068603516e-02
4.418486356735229492e-02
-8.662289381027221680e-02
-4.145032167434692383e-02
1.937230825424194336e-01
-1.056280732154846191e-02
1.040393114089965820e-01
6.032526493072509766e-03
2.090015709400177002e-01
1.982721686363220215e-01
8.817148208618164062e-02
1.310113668441772461e-01
5.376458168029785156e-02
1.341017186641693115e-01
1.168873310089111328e-01
8.709138631820678711e-02
-4.679310321807861328e-02
-1.607924699783325195e-03
-4.481637477874755859e-02
1.678525209426879883e-01
6.930917501449584961e-02
2.645407915115356445e-01
7.566291093826293945e-02
3.613650798797607422e-03
1.726162433624267578e-02
1.097643077373504639e-01
-1.641941070556640625e-02
-8.072045445442199707e-02
1.528069376945495605e-01
5.571156740188598633e-03
1.710086762905120850e-01
2.079418003559112549e-01
1.234386265277862549e-01
4.065877199172973633e-02
5.924165248870849609e-03
2.390236854553222656e-01
1.900517642498016357e-01
7.526066899299621582e-02
3.182487189769744873e-01
9.416478872299194336e-02
8.136284351348876953e-02
-4.933398962020874023e-02
4.737335443496704102e-02
1.713353991508483887e-01
5.345708131790161133e-02
9.109780192375183105e-02
9.645324945449829102e-02
7.799589633941650391e-02
-2.636101841926574707e-02
-1.711249351501464844e-03
7.258355617523193359e-04
1.546866893768310547e-01
2.637324631214141846e-01
1.207883059978485107e-01
1.577354967594146729e-01
2.247473001480102539e-01
2.053383588790893555e-01
6.180223822593688965e-02
1.332971155643463135e-01
1.240960955619812012e-01
6.877589225769042969e-02
-6.835541129112243652e-02
1.352208256721496582e-01
5.312258005142211914e-02
1.868532299995422363e-01
1.916120052337646484e-01
1.212580204010009766e-01
1.056395471096038818e-01
1.012247204780578613e-01
-3.904852271080017090e-02
-5.809083580970764160e-02
1.110271215438842773e-01
2.926367521286010742e-02
1.496869623661041260e-01
2.329161763191223145e-02
1.805859506130218506e-01
1.354303658008575439e-01
3.362393379211425781e-02
2.530185580253601074e-01
1.553187370300292969e-01
4.132112860679626465e-02
1.045579314231872559e-01
1.889314055442810059e-01
8.342504501342773438e-02
1.374886929988861084e-01
1.026521325111389160e-01
1.757639050483703613e-01
1.431572735309600830e-01
9.234708547592163086e-02
1.426578760147094727e-01
1.433730125427246094e-01
9.522318840026855469e-03
1.121491193771362305e-03
3.105783462524414062e-02
1.586477458477020264e-01
1.963483691215515137e-01
1.652434766292572021e-01
7.359886169433593750e-02
1.106842160224914551e-01
2.647328972816467285e-01
-8.657610416412353516e-02
1.034038662910461426e-01
4.461729526519775391e-02
2.208850383758544922e-01
5.171674489974975586e-02
1.461860835552215576e-01
4.778891801834106445e-03
3.005033731460571289e-02
1.547324359416961670e-01
9.207031130790710449e-02
-1.549783349037170410e-02
9.319156408309936523e-03
8.541166782379150391e-02
