1.474595297570196140e+00 1.069740634849331684e+00
-3.900992650641755821e-01 -1.405850612778066777e+00
2.348903228847877001e-01 -6.625140031325695844e-01
-1.115906871160499580e+00 5.055852086631157372e-01
7.208992258346793580e-01 5.036725745936728726e-01
6.172031369656023614e-01 8.870344747583227552e-01
-8.600763833857969498e-01 6.527341484997495336e-01
-8.671585031986212000e-01 6.786868154783622931e-01
1.256141326062070185e+00 2.317511871569708781e-01
-8.225516832579486959e-01 -9.794358767881438110e-01
4.083403171056821934e-01 -2.013991449695398561e+00
-6.383331033738083304e-01 8.789791285512909003e-01
1.310041233490382817e+00 2.358714412993544451e-01
-4.051511658851339459e-01 1.105701338657052446e+00
-1.663521984516457275e+00 3.107734808710038155e-01
-1.122051708965853711e+00 2.383385005012709779e-01
-1.836840441174176775e+00 4.844356141479331246e-01
-1.549927476662336545e+00 -7.805049559543802973e-01
1.071533159186046635e+00 -4.110615140914675725e-01
2.933054485484981044e-01 4.842151704708586579e-01
1.261013411240990978e+00 1.181095198417986936e+00
-3.119279947374441475e-01 -1.480841447248534282e-01
4.195023279518373949e-01 8.809885880625293320e-01
-1.473488015090946179e+00 6.537175236031371739e-01
-6.989675304641205233e-01 -1.350999132638423639e+00
-1.155005187198083982e+00 -7.637135674207339298e-01
-7.678186551167518470e-01 3.031009267530434537e-01
7.104330090434812783e-01 1.070845843549204646e-01
-8.256670220425967877e-01 -6.949616676917977909e-01
1.174271736024234292e+00 5.033927092756059762e-01
1.417086387892667387e+00 1.255702517261321427e+00
-8.025427057131387931e-01 2.309535046816845461e-01
1.006765445675642967e+00 6.598830494064644725e-01
1.364481541250785135e+00 1.571616875771854716e+00
1.343180471686084454e+00 1.008861837276705309e+00
7.681168214811369133e-01 -2.671682965758144790e-01
5.953644661915492575e-01 -1.883544500655739640e+00
-1.098759360450260125e+00 4.797092062123904932e-01
7.760738792041017575e-01 -1.185224426377686102e+00
-8.115030368826516849e-01 6.938796557592399328e-01
5.428629326252414344e-01 1.047948809116101776e+00
3.913754067430971206e-01 -1.877199781466294626e+00
1.262495165031805033e+00 2.831196041438007183e-01
7.030511286320689779e-01 -1.162440073547255093e+00
-6.939291095370867524e-01 -3.153417392585708967e-01
-2.347433727646395796e-01 -1.081099805284152726e+00
5.964629098111635663e-01 1.405761067592606328e-01
-8.299945506162724751e-01 6.819669431161792250e-01
-1.336938580243921093e+00 -4.537734713065834646e-01
8.562561071627881049e-01 1.624298404914543470e+00
1.983931898562976581e+00 1.945166246917269026e+00
-1.107515016372349947e+00 -1.458275620818792806e+00
-1.439733309180655896e+00 4.979893190730428354e-01
-1.145659679775546502e+00 -1.355746364675832094e+00
-2.640884491042307450e-02 -1.316032282303819079e+00
-1.597578893922116050e+00 -8.010537021800638868e-01
8.788268031295223479e-03 -3.017758316750430714e-01
-6.622130131985192181e-01 1.125766222948940687e+00
1.115389559767435035e+00 1.648415632901966799e+00
9.602279096214832999e-01 1.168312117899497515e+00
-2.718911667748232786e-01 -1.477804118690651425e+00
9.196486880120960938e-01 -6.721846099288992793e-01
6.753591529268404559e-01 1.321337168314803634e+00
1.379068787697361298e+00 1.620331479827934906e+00
3.471258142390273860e-01 4.959604944734452570e-01
-8.648469367490668747e-01 4.707391911743684654e-01
6.112376550701844602e-01 -1.342205658234689292e+00
-1.379134676932619819e+00 -5.521902989250591087e-01
-1.038708132944426155e-01 -1.723798040291125933e+00
1.027325935221590436e+00 1.444741591796131708e+00
1.459361962702723892e+00 5.693600154085725062e-01
-1.103104786445073815e+00 -1.156112790232400739e-01
-8.327029987412071232e-01 3.652005207178440904e-01
5.752239722890395424e-01 5.790653732538755261e-01
-1.254967628034236560e+00 -6.004048592611809232e-01
1.071469882047804800e+00 -9.217887941324364176e-01
-1.922751455513181940e+00 1.063513637491035613e-01
-1.268674677612802393e+00 4.244948296224009265e-01
-7.030887721742516971e-01 8.420403551438426781e-01
-1.496592513320548455e-02 -7.547679576995480755e-01
-1.102764396155845095e+00 1.607916673550939257e-01
-1.581413712252114911e-01 5.792149884570885199e-01
-7.880542767813771832e-01 4.876186510687714470e-01
-6.758647588975491560e-01 5.297714081981196310e-01
-1.084079403665750174e+00 2.138098307050118052e-01
1.271562541440542038e+00 1.188562960094669885e+00
7.349588376452858007e-01 -1.469879685786430912e+00
3.616704588857619918e-01 -1.529995684570335746e+00
-1.864700194599837602e+00 1.458534912498979652e-01
9.187564464341252402e-01 1.721258148240278063e-01
1.014979089649521660e+00 -2.284795027861035166e-01
-9.541199161535202089e-02 -8.312377736027378727e-01
1.066656663268267025e+00 -3.177305422815018821e-01
-1.766392968342306746e+00 -2.095208160073326331e-01
-1.159532301705115120e+00 -3.571183361784225352e-01
-1.180048514218673406e+00 -1.859797657173890562e-01
-6.363728692387283781e-01 -1.913478815493617535e+00
-2.750766956826551923e-01 1.128185797893099807e+00
4.406581400108554036e-01 -6.840185358426085216e-01
3.530180736282960696e-01 1.494770899659168428e+00
-1.454425649962730382e+00 6.941611120652195141e-03
2.007663660334097488e-01 1.619695349939096696e+00
8.909452111359100757e-01 -1.032343348099262342e-01
-1.150963345390678128e-01 1.400345137168954368e+00
-9.056866464168197295e-01 -1.115003095122615584e-01
6.478752453450801196e-01 -1.531815737600910943e+00
1.454275702223453592e+00 1.761315689686790531e+00
6.227347972476984239e-01 -1.170746237439815207e+00
1.291346316837855834e+00 2.268329852641179645e-01
4.694525883760017892e-01 1.499743748239719787e+00
2.502726050106416356e-01 8.258085042586346680e-02
7.150653027079117985e-01 -1.051564331683918052e+00
1.589242869326827234e+00 1.052789550655518269e+00
5.204547251960608412e-01 3.641617031012090999e-01
-1.268626413951060128e+00 3.598753866942664414e-01
6.260572711149023917e-01 1.564745790269230497e-01
-3.406095875631390824e-01 3.631433116736653144e-01
1.057938328982673815e+00 -5.915141615028763900e-01
1.369981138854254654e+00 5.892087004263143468e-01
-1.565817502688345852e+00 2.070243567990093791e-01
3.244882483891953773e-01 -9.994206479747655969e-01
-9.419365581926074649e-01 3.664027478472081101e-01
1.376805909019054974e+00 1.590388808821792344e+00
-2.490425852404587748e-01 -3.757891993836364741e-01
-1.370439074916529165e+00 5.874560995797092899e-02
5.497959355358816858e-01 4.651461292159590477e-01
6.588364403403136338e-01 -3.696169694132465933e-02
1.806862108505947528e+00 1.456533604230926482e+00
-1.186680993133615525e+00 -7.232410633005190714e-01
7.883661842937450537e-01 1.044926794231345601e+00
-6.116357916921634219e-01 1.203945206856210870e+00
3.202617639052390275e-01 4.541401264852130276e-03
1.200944152477898097e+00 1.750341785916373016e+00
-9.744463330600345863e-01 -1.630744678960171612e+00
-4.960079756351404301e-01 -9.345284298710175575e-02
-1.143597199441925144e-01 6.388345247360055490e-01
3.994037148630099621e-01 6.427430892823536857e-01
-3.180693972558025773e-01 7.710731423616586921e-01
6.901707533019016960e-01 -1.206965054000596727e+00
-3.531898630071136358e-01 3.944047379019971489e-02
-1.465559711992463710e+00 4.206844168937634576e-01
3.201757120865441064e-01 1.440914201455782084e+00
-1.453196502396746081e-01 -6.754331698199390610e-01
9.535554795911098669e-01 -5.444983797187397112e-01
8.916458400392316408e-01 -1.668308766324058945e-01
-6.859262479875124496e-01 6.212165387321256782e-01
1.809986777699719607e+00 1.587662310490900230e+00
1.366047692833221916e+00 1.473867215238628514e+00
4.778578874354802997e-01 1.233090460662249921e+00
-2.867880131605187177e-01 3.610850415287545356e-01
-3.129547638506048335e-01 -1.817794056984876949e+00
1.280216326259376647e+00 1.584146883765760627e+00
7.455552984656665938e-01 1.361729028779385953e+00
5.539342264481397216e-01 -2.564554235854707431e-01
-5.979445189872075739e-01 3.208674668594043711e-01
-1.062758485776185591e+00 -1.423398759121329571e-01
-5.429797998230782019e-01 -3.084604287240172438e-02
1.559870232472638341e+00 1.232152712890338675e+00
1.272415680122092718e+00 1.389377600002928981e+00
8.697697628067808662e-01 7.975417695712098132e-01
1.227947968099270870e+00 1.241475278646570146e+00
-5.678975904299974342e-01 -4.596036892785964612e-01
1.369112308120995269e+00 -1.720081800915639406e-02
-8.890917503924326004e-01 -1.564020675367692403e+00
8.775261319116756109e-01 9.290694497064181379e-01
-3.568280439903178669e-01 -7.204522253016213407e-01
-1.295966173315121484e-01 -1.204662995962507255e+00
6.208362286347388626e-01 -2.149431142954334462e+00
1.001374335283716777e+00 1.550746616024373026e+00
-1.742717648943117981e+00 -5.594649402685168971e-01
-1.964699921264805027e-01 -1.766544483280032107e+00
-1.428278281077052236e+00 -8.813238503549370995e-01
5.049927528940967303e-01 -1.303122002335080243e+00
-7.446826333649381180e-01 4.796046877902878092e-01
-1.600770911705384325e+00 -4.312924606479149880e-01
-1.776114606299456639e-02 4.785414648568167006e-01
-1.355455455725979252e+00 1.696460224133272132e-01
1.361478167375626658e+00 1.081339792226084340e+00
5.960468583861281422e-01 8.018477163416946052e-01
-9.396690143097389258e-01 5.621734454258714431e-01
5.880700493461424490e-03 -1.613734305762957177e+00
9.061843138926590768e-01 1.310098519911750525e+00
1.025854784168417577e+00 6.157773363798572097e-01
1.499544741348442511e-01 5.880274300364074502e-01
-4.481088784240658263e-01 6.482024525485302613e-01
-1.328219312917415351e+00 -8.345709562771551626e-01
6.690900510363330111e-01 -7.593099993829044436e-01
6.830053383821692581e-01 1.409520475198619893e+00
-5.576459306377040681e-01 7.743073773928162984e-01
1.734039870304913411e-01 -7.068727886837604668e-01
-1.623221367044595798e-01 1.127350976892193213e+00
-1.533242160491346429e+00 -2.476554499397528586e-01
1.490008370046159714e+00 7.722839305843663682e-02
9.778376996928731524e-01 1.209813359179393144e+00
1.051840397688643680e+00 -6.560771008170315222e-01
5.479186996310559943e-01 -1.394670988103231535e+00
6.606783479233192535e-01 -1.481965357848808784e+00
-5.104599311494167901e-01 1.341639739170661594e+00
-4.943828794346882827e-02 -1.797739253149942762e+00
-2.519179416613390177e-01 1.993499457547680265e-01
-8.584973388743885048e-01 -3.539236271495321273e-01
1.678206454243645451e+00 1.254614889011014034e+00
-7.445811015492873608e-01 6.915659256130984867e-01
8.734640110666310742e-01 -2.107620789767445491e+00
-1.274423821249391908e+00 6.751947329693269717e-01
-1.203564792553246443e+00 -8.551793171315265341e-02
-4.489578608324611420e-01 -1.601113308381281852e+00
1.107104919862311965e+00 8.155826042167945156e-01
-6.619438733062383839e-01 -1.603892729111182858e+00
-1.326695317819839293e+00 3.067184844236386376e-01
1.372574144371753180e+00 1.821647755107250299e+00
-5.935405658806149898e-01 6.307330206471313261e-01
1.769653829876990103e-01 -1.976175079663784917e+00
-2.480327380965732520e-01 -1.199728081733125284e+00
1.292764199737119979e+00 1.732706291750415017e+00
3.821538029126330671e-01 3.921967802663857694e-01
8.596882557481512199e-01 -6.556197664015364079e-01
3.860911083301670765e-01 -1.149310676277356835e+00
1.464585606853077981e-01 -1.632740669787180743e-01
7.603891221788235955e-01 -8.639864532071854508e-02
-1.589137594568877376e-01 -7.376252725361197304e-02
-1.850635196598509502e+00 4.018522663772843839e-01
8.767130291674576359e-01 -1.511537306786706170e+00
-9.415375559696990138e-01 -6.187884294432038912e-01
-2.262826425927736140e-01 2.809677641467778902e-02
-1.529117101795664624e+00 -8.592957970712441496e-01
-8.454778556263704559e-01 3.745273308770035170e-01
-1.430922179735227839e+00 6.060746312863842800e-01
-5.000248081882514156e-02 -3.696788508183735944e-01
8.820371660651737944e-02 -1.300055421219579843e+00
-1.580055028436569309e+00 -5.109519453515181109e-01
9.731483208889831760e-01 -1.785520605933393345e-01
9.647674081260791956e-01 8.206376881040763349e-01
-6.452370123723616402e-01 1.904229052963922753e-01
-9.014062788201714360e-01 -1.927803603088225626e-01
-4.401105124352513442e-01 -1.077491399607371170e+00
-8.637183813545520339e-01 2.867040024165206646e-01
1.783536764270814867e+00 1.963297275125074348e+00
7.271071711344730959e-01 -6.977385683074603939e-01
5.090456056445427646e-02 -1.308529902215754381e+00
1.123577587527172961e+00 7.077084510491225000e-01
-3.398463600967847054e-01 2.841525857064096106e-01
2.570663140555755621e+00 -4.396133473131316749e-01
1.137725286882101283e+00 1.392842889055295914e-02
-1.299410063130521875e+00 4.776328973550356127e-01
-1.356024780326353874e+00 -5.636676956559993727e-03
-1.356490961494956071e+00 8.519558109340830132e-01
4.079996723507500755e-01 5.132230117321028295e-01
3.078141923255799939e-01 -1.660690931181284524e+00
-4.534417585808672158e-01 -1.304600911480315206e+00
1.199132356669793120e+00 -3.210568278011611265e-01
1.153704715191899988e+00 9.621163709040473355e-01
-5.522785703780939137e-01 2.199461762382088625e-01
2.427709560748357587e-01 -2.626714152732934959e+00
8.145632588134846808e-01 1.520001222314467437e+00
-1.032223110301327074e+00 7.874857179339784796e-01
-5.516415154896681106e-01 8.477148565834335958e-01
-1.339483837634353469e-01 -1.662342727458349101e-01
7.239111243109012106e-01 3.242659795163276709e-02
5.461252677645451747e-01 -2.641120611924510087e-01
-1.046184625583278294e+00 7.718710901121279555e-01
-1.370494378796064838e+00 -9.279708273472137003e-02
-7.996972702178816172e-01 1.040507840232901993e+00
-1.936830194662492843e+00 1.197551881958172776e-01
1.191371665647409234e-01 8.433346327617082805e-01
-1.258292646558474281e+00 -7.816927859363746733e-02
5.553325578991937794e-01 -1.366607659131065189e+00
5.108326559648938003e-01 -1.658898334132149932e+00
-8.685899576020660318e-01 -5.037513157841179146e-01
-1.510055803544481934e-01 -8.805528280355424675e-01
-7.895631735805522800e-01 2.669314513763003660e-01
2.440560714933586173e-01 4.818796877597110173e-01
5.178578589801606513e-02 -4.307749087658784837e-01
5.806555427278040638e-01 7.323822263704836688e-01
8.127964186129776891e-01 -5.980356866017919604e-01
-2.133356396592699100e-01 -1.761381962943634472e+00
-8.460522695408128069e-01 8.550491848430666897e-01
-2.896391317231514773e-01 -1.877667196338743683e+00
-5.126121172467505982e-01 -6.339202564319912359e-01
-9.376092840846351750e-01 -5.251749395633413808e-01
9.065278425922295158e-01 6.064802370411940258e-01
-6.061079059846674610e-01 -1.485770067161011676e+00
-6.568475190207337944e-01 8.142522491740405988e-01
-1.440779502509174970e+00 -7.121499078992148402e-01
-4.287255472219798080e-01 5.753719468809418425e-01
-1.263111972514893155e+00 2.203948288601524641e-02
-1.568296507570727805e+00 -6.824290069460619002e-01
5.715733648973200243e-01 -5.547982192491496267e-01
3.918926294907035257e-01 -1.571461909526075340e+00
2.581993389039530240e-01 6.953890715505200992e-01
-3.237558575074582223e-01 -1.177600284980623524e+00
2.505406104099948128e-01 -8.821638442219121856e-01
-1.471608022474333755e+00 -1.689814625410012983e-01
-3.077665474461780959e-01 -1.157192267239522510e+00
-1.635072718877953468e+00 3.552670262151595981e-01
4.884429397101593406e-01 4.599844047051104834e-01
2.890747229694852760e-01 -1.301452758246041563e+00
1.455035112704257116e+00 1.506597928418119681e+00
7.195385977186767867e-01 -3.381233066995803505e-01
-8.207554946796512541e-01 -7.385819271335116731e-01
-1.143043857166644139e+00 4.722515249926615977e-01
-1.163949154343948134e-01 9.628591414164523465e-01
-5.884937899963200714e-01 -3.441166689091395003e-01
-5.708527006434137574e-01 1.570481039725728778e-01
-1.186751310489650990e+00 -1.394570581446465285e+00
7.954838444831421329e-01 -8.085084653727797610e-01
-7.036271367807143129e-01 1.070217069078002847e+00
4.170568913368270514e-01 -1.258940951156500621e+00
6.132808026136176149e-01 -7.081044613584377423e-01
-3.852723051366551688e-01 1.252101937202438231e+00
1.402516614757723490e+00 6.224816360798610670e-01
5.481569643513259926e-01 3.657183378750635261e-01
8.466934556733615169e-01 4.909702100183034601e-02
4.688855115560071063e-01 1.863448292449206099e-03
2.548959499645030435e-01 -1.399470214739693442e-02
-1.664371730321962950e+00 -6.872761150898702986e-01
-1.790897337003125589e+00 -4.290577825063079942e-01
1.459774027498406124e+00 1.844817950691357344e+00
6.231904605005608166e-01 -1.465763808684566794e+00
-9.458839150054252354e-01 8.128391282741901369e-01
3.698640000690731067e-01 -1.566972392328953356e+00
1.100068349410393553e+00 1.633078482921536123e+00
-1.075177769251818294e+00 8.048243691701575386e-01
-1.897998558682056247e+00 3.107862140797878481e-01
-2.401441104423438222e-01 6.804349789343440147e-01
-3.096575244989866471e-01 -1.482493122825390808e+00
-5.274850504595968853e-02 1.270117305430454868e+00
-2.599964643467199132e-01 -1.275413876832953264e+00
9.455041847359911822e-01 6.997231374904030465e-01
-2.859106154152453172e-01 8.554742279737231891e-02
-1.164867259998494164e+00 2.851990963033516069e-01
-4.403258752422166689e-01 8.693228466148432698e-01
1.523063521929098607e-01 -1.158438397411673426e+00
-1.492601612647443288e+00 -4.391533601458065816e-01
1.205861702195823781e+00 -1.128988740333139784e+00
-9.582403454523216180e-01 -1.470355589464735990e+00
-7.060877353105514675e-01 -9.857106236793801435e-02
1.448489406594169582e+00 1.714468622919042895e+00
1.503478512054873484e+00 1.581068172279329609e-01
-1.439687674997848665e+00 2.382029448827570617e-01
5.113060469950920783e-01 -1.717665806523265282e+00
-1.145818127086854599e+00 3.641378283347389555e-01
-1.469000766877445407e+00 -9.718588217360640824e-01
3.162255177395072864e-02 5.904626562163638459e-01
1.006223851233668393e-01 1.114234180193487411e+00
-7.914965191729745886e-01 -1.529093351035355264e+00
-1.190775685588693289e+00 -4.447267917406738658e-01
-2.567357686322818341e-02 -8.789128968542254672e-01
5.931347528765840149e-01 1.248963997062710218e+00
-4.029131824348086144e-01 9.251431117228088308e-01
3.789966257252533333e-01 1.445237125837979031e+00
-1.084644317527266200e+00 -1.864630248133306717e-02
5.673970737733564640e-01 -1.849064960832309312e+00
-5.850300452527865680e-01 2.456500150951659023e-01
1.494850008162043886e-01 1.821373002305148037e-01
2.560290857416788746e-01 -2.240537450760851090e+00
-7.503156558188828207e-01 -7.636533499541925396e-01
2.842555454513934210e-01 -1.792805665296475892e+00
1.366723893029018422e+00 1.942022205448332040e+00
1.642164440947523563e+00 1.999045758786393678e+00
1.179157477529236830e+00 6.110920460976798640e-01
1.277233988215698002e+00 1.469487521967269172e+00
3.950449718297189272e-01 -2.197379764919496825e+00
6.724470050063456883e-01 4.364348656093108847e-01
4.945313285403124537e-01 -1.492775719468905748e+00
8.674750759155510638e-01 -6.693527973503553552e-01
-1.253365851253325669e+00 3.309158255163285878e-01
-2.625202976038483182e-01 -3.447902025987810148e-01
1.265115313557664711e+00 1.453853794332242710e+00
-8.881246110757652357e-01 3.634571322151564088e-01
1.500726380650857728e+00 1.177242341660069247e+00
8.457833166742525499e-01 -6.123926447810310592e-01
-5.947219229085823899e-01 -1.386955061492850305e+00
-1.089129614837040849e+00 -4.108439884414061272e-01
1.368097414073992546e+00 7.265830455948818489e-01
-7.953737282735590108e-01 -9.700611844584525745e-01
1.346456293507667823e+00 1.525393205684161479e+00
-6.307733514357294347e-01 -4.368611172894882322e-01
-1.743505305116997306e+00 5.571753957029349502e-01
-1.016811819085287061e+00 -6.396058994292682653e-01
1.485618073265648764e+00 1.226620664224019608e+00
9.869759872109536980e-01 -4.421220547187794669e-01
3.557206266311022658e-01 8.661493596005930273e-01
2.512108306617617526e-01 -2.508756259830806190e+00
-3.721612990573194835e-01 -4.907889092419192023e-01
-1.188204479299784788e+00 1.588869915411411926e-01
-1.717200846070429110e+00 -6.960195851216088858e-01
7.681093147428870171e-01 8.017153440253766972e-01
-1.758311307246584132e+00 -6.330591009004797598e-02
-1.674496072440662342e+00 1.984058313784647087e-01
-1.217970265665704321e+00 7.314150330532591671e-01
-6.655835810836630007e-01 1.244599955027148042e+00
-1.557229115555281540e+00 -1.377699803345613927e-01
6.224743091893327751e-01 1.543578880579665080e+00
-9.022735827592105462e-01 5.685623329332861742e-01
-8.553065085977360482e-01 5.832710460051856449e-01
1.666600443156032840e+00 1.372979614565674300e+00
-2.866729946625884429e-01 -7.700281778769081376e-01
-2.888446897971818084e-01 -1.529311805148557246e+00
-1.676373739058262813e-01 2.769811364091396277e-01
7.133284894604042803e-01 8.080716026852823308e-01
-1.424252633649492727e+00 -2.183430727684226580e-01
9.278567337405002613e-01 1.025839714264001890e+00
2.564135131997995892e-02 -2.248967564482668990e+00
2.639368447340813967e-02 1.304692211682174197e+00
-2.192831393116485561e-01 -7.770608882534683071e-01
1.334356461497627176e-02 -1.926676521123138919e+00
-6.474647747836008715e-01 -1.278797594429732509e+00
5.511059249769104662e-01 1.175599757726922157e+00
-1.310964587324149333e+00 5.434367939752730026e-01
-1.627503721352651533e+00 6.268467392161553020e-01
-1.615270798197067370e-01 -5.148894248928135298e-01
-1.252873375295373570e+00 4.315988990231884870e-01
4.949922931619953892e-01 -8.520462242325801405e-01
6.373982137614881971e-01 -1.761918614638847025e+00
1.164364359309088409e-02 -9.646499686379907956e-01
8.652109249087276410e-01 1.070668567439471808e+00
-1.949692382298136850e-01 1.063494200115188804e+00
1.765701093476719885e+00 1.251012717301033028e+00
-9.914048605745596765e-01 9.416143853980597778e-02
-1.555482123679638562e+00 -7.477623053916541140e-01
7.286895237000255987e-01 -1.580331915820105682e+00
-4.512255743591319646e-01 4.768484786388993424e-01
-5.726309069786720274e-01 -4.053305090378971909e-01
6.301470014887643467e-01 -9.001014868213093045e-01
7.977764956487447545e-01 7.709948861826730893e-01
3.912494674253965687e-01 -1.067226045850751426e+00
5.138344606348814736e-01 -1.843497100016284973e+00
-1.626811235351838469e+00 -2.729313999265280399e-01
-1.270255927493640025e+00 5.893395533790218854e-02
2.561634436330664233e-01 8.851693249466373592e-01
5.452064345205706042e-01 -1.104756780829068141e+00
3.982037911395328034e-02 -2.543361274815796325e+00
4.399136157736998620e-01 1.005275846689701776e-02
3.060862641722157385e-01 -8.284338149184090616e-01
-6.199445276204761102e-02 -1.267299506897703543e+00
1.405638569650659697e+00 4.928148613534102385e-01
1.380559123102395591e-01 -1.789728207898472201e+00
-6.022192949416503571e-02 2.481526211716046648e-01
-1.843198012307561306e+00 5.555943556122444615e-01
7.392331828869539434e-01 -7.425236510777351029e-01
-7.968027228418710362e-01 7.637388141020255983e-01
8.934963994561524459e-01 1.218905400801596040e+00
-1.397244152823557961e+00 -6.948025025819967171e-01
-1.008961940437667210e-01 3.691000659079701762e-01
-1.078152218858691835e+00 7.019344714159059251e-01
1.930331639102606800e-01 -1.566732246000848983e-01
-1.322612754896622667e+00 -9.081917167149059500e-01
-1.765765795205362476e+00 4.552837284623190151e-01
-7.966967802873615723e-01 1.140833322793075588e+00
1.988381825139980741e+00 8.889948583607059085e-01
-2.040777229126058412e+00 4.432100660706637940e-02
1.119555757085164416e+00 1.208882508562239888e+00
-1.846011385124191717e+00 5.704317271478996920e-01
-6.710614642804435537e-01 -7.012791961749850200e-01
1.435760014248011140e+00 1.137488468010606102e+00
9.786318871531394237e-01 1.303947318968305291e+00
-3.199074030313563965e-01 -2.901628799887743804e-01
-1.042038870343721113e+00 1.364166641772803987e-02
1.075616144916868577e-01 -9.717691587242094364e-01
-8.409560000772093868e-01 -1.746653486870601402e+00
8.409145395494758146e-01 4.882913889328639456e-01
4.306624303052172253e-01 -1.055231628451326120e+00
-3.864906869244651433e-01 4.652204062671995155e-01
-1.031146550732203959e+00 1.786574203798975136e-01
-2.961101521492953137e-01 9.383440006545261669e-01
-1.586948504341283650e+00 -1.819536842649711050e-01
-1.150792083369030605e+00 -1.291095486638511813e+00
4.196299849130358250e-01 5.419995330337694650e-01
-2.904280178145972058e-01 -4.149488566231755993e-01
-7.830749767194299382e-01 -4.239119745064395817e-01
-1.526531051674058448e+00 -3.488215895548589796e-01
-1.495235502321285992e+00 -2.664487979920260319e-02
-3.982416162301556928e-01 6.786449019994480469e-01
1.019332997834448307e+00 1.220015842717641519e+00
8.264811600315465911e-01 -2.139371172539461796e-01
1.422117683780006470e+00 1.109041153211044684e+00
1.527608561666012221e+00 1.237882391567994178e+00
5.168148901857846367e-01 -6.055546463887943043e-01
2.824964068378825466e-02 3.368452564067843102e-01
6.715764354241131606e-01 1.428562988935219380e+00
-1.328673498390277041e-01 -5.388175116747566662e-01
8.786962500377434315e-01 -2.989827492732173853e-01
-1.056907640680142979e+00 -1.789132931051001449e-02
-2.007412625742327206e-01 -1.914784499944352181e+00
-2.358915008128398827e-01 9.336247551489246232e-01
1.119079312466525478e+00 -7.292275283553201204e-01
1.091861915298111052e+00 8.151082921895873579e-01
6.266282497423489861e-01 1.032641369956167399e+00
8.686572387515791860e-01 -8.224651233008691831e-01
7.503231799390510659e-01 -1.665304597164051437e+00
7.864900510736340111e-01 -8.038746384761047414e-01
1.111025642598175267e+00 1.453048949427015124e+00
-1.056153913266715039e+00 -4.675722905007868024e-01
-1.430223586557533455e+00 -4.990952057720707824e-01
-1.845074442404326165e+00 -4.618675476903336130e-01
1.090751935899943126e+00 -8.112548593423971610e-01
7.794398242956340761e-01 -8.529789317760143597e-01
6.928195292193923827e-01 -1.141374438627492660e+00
-7.241046705073581613e-01 1.350745044552014384e+00
1.093137636691083880e+00 4.479520529545159557e-01
-6.520188626551908229e-01 -5.397324457809298259e-01
-9.369598876095952544e-01 -1.044166204742773107e+00
-9.775365645619485955e-01 -8.345489384369659813e-01
-9.554528433155352607e-01 6.516600492837754111e-01
-1.673747016835065438e-01 -6.442277889427081572e-01
7.624971584766200294e-01 -1.211721703307001574e+00
-1.379965592276074959e+00 -7.560123635830093836e-01
7.305929695723000217e-01 5.999557939152653230e-01
-1.110779387237280869e+00 -1.054783313392053001e+00
1.150415406688037212e+00 -2.481639824655672566e-01
-7.490355236870512856e-01 -1.823945716191200661e-01
-5.781000111086858073e-01 7.188409893789750038e-01
1.315693256050180171e+00 1.733263369634718831e+00
-1.311058485168698606e+00 4.150993131908440326e-01
1.626086279944811253e+00 2.042994428904663984e+00
-8.828537781396392781e-01 -7.655047054563619557e-01
1.761094585670232471e+00 2.094687012165121764e+00
-1.920169816130434359e+00 6.070359885495827390e-01
2.064410239778502465e+00 1.586695647724041702e+00
9.808805157520563700e-01 -9.192555487723609309e-01
-1.073356049281281255e+00 9.012349205795908702e-01
-1.377436542472026959e+00 -8.663102638102809783e-02
-7.959688387318766267e-01 -7.034334959361424611e-01
4.867597763151156887e-01 1.371896230718295140e+00
7.629671990417236094e-01 -2.247056980327202524e-01
8.008825888461698073e-01 -9.387409394269818907e-01
2.111829089987593833e-01 -9.120581025071567982e-01
-1.850694571929299315e+00 -1.907763992889395521e-02
-1.504896935517845702e-01 4.973425781768845422e-01
1.376907610478508071e+00 9.965817185051870641e-01
1.314355275381778876e+00 1.511025371222419311e+00
-1.013821422961001417e+00 -3.739511076406171752e-01
1.882845228249266700e+00 1.668191897794749190e+00
1.535801169808410860e+00 1.150592869063198492e-01
-8.151042355169639819e-01 3.062494779000914935e-01
-1.491263971266646671e+00 -3.637799265739630750e-01
-3.256067138010330098e-01 -2.212436320075107155e+00
-1.266430799040348498e+00 -7.260831493237124290e-02
1.415683772935606211e+00 -1.655514544247883302e-01
-2.096669227916593825e-01 -2.202380666350650440e+00
1.547747825650955589e+00 1.794037914060425454e+00
-1.571918911680322273e+00 -2.649885303970888617e-01
1.259558885280439133e+00 6.277688357522694940e-01
-2.606274544692149253e-01 -2.597803827292149981e-01
-1.534910607286544382e+00 -4.552964161321966241e-01
-9.872678910050382284e-02 1.692459874373605233e-01
-2.395040443764280547e-01 -2.005243337347957677e+00
-1.319054391322380448e+00 1.977100145734510261e-01
3.281706851993134166e-01 -2.233811531133432560e+00
-3.754725340226238717e-01 -6.916539514349485662e-01
1.477161669010740308e+00 2.634526326264150509e-01
-2.042676052204721593e+00 3.090322145697801393e-01
1.144389743653768665e+00 1.278120392426435492e+00
-8.231766510254635572e-01 8.612996709924421179e-02
-7.717263218831105220e-02 -3.497288306807250780e-01
-1.879401745161453641e-01 -7.113311963969837226e-02
-2.468738164614543429e-01 8.801819585185084727e-02
-1.136769496318266848e+00 6.442291608575296813e-01
1.134916593872239005e-01 -5.050734472961988519e-01
-6.244844860422591459e-01 -8.931576436310547651e-01
-1.010474774851975788e+00 1.056863646916059496e+00
-1.280295617355013293e+00 3.486184343035860778e-01
5.209391006624553011e-01 4.078323648276934166e-01
6.213400707274422397e-01 -1.050135294273087494e+00
-1.393553891193060723e+00 -9.106647446084399355e-01
-1.049066364852218491e+00 -1.553637141517045572e+00
-5.385305518212830656e-01 -1.755924191328555928e+00
-1.870796005346339275e+00 3.389425220035963138e-01
-5.586316883616690987e-01 -6.521796778283693863e-01
-5.371974484121967430e-01 1.100675435039900618e+00
-7.197841821514761040e-01 2.126821459020712402e-01
9.393118824736866601e-02 -2.955962462870167506e-01
8.363489158993323569e-01 1.645017988358079997e+00
-1.793501878299177843e+00 5.381206793079174044e-01
1.864980548364985502e+00 1.720564646624423766e+00
1.130185383268886401e+00 3.433041765625114983e-01
-1.526561587558464606e+00 1.760859150433658968e-02
-7.144297996427386721e-01 7.142124679859600533e-01
7.719255368965600717e-01 -1.048225180317883254e+00
-1.299332960022396177e+00 -1.013567508209067158e+00
-1.327888931612519752e+00 1.816494591689745419e-01
-9.864211497737538359e-01 -1.621298892881435805e+00
-7.943589190484574569e-01 8.357268057884004175e-01
1.120199640136630981e+00 1.095556154558332551e+00
-5.735980462953392811e-01 5.913932415583340596e-01
1.091837246727088845e-01 2.045153841181786003e-01
-1.635224889368578127e+00 -7.351020472828944108e-01
6.944506543780937236e-01 5.131352056465292577e-01
3.286335835187156884e-02 -4.988983715862834734e-01
-3.603063847041144963e-02 -1.820334066862119071e+00
2.788061412079166912e-01 -1.345893381191188620e+00
4.044246836838865100e-01 3.793386268711066989e-01
6.276564184168782479e-01 7.745715914750860298e-01
2.161931412458742083e-02 7.817714252169372102e-01
-9.143920877734414976e-01 -1.147117248426706704e+00
1.071344345634134498e+00 1.612883613789976911e+00
-1.043543441225938562e+00 -3.184725169683578772e-01
-1.690821913394669807e+00 3.157219241347188898e-01
-9.451018570770203242e-01 -2.161479206290829735e-01
-1.775255675018652113e+00 -3.978110014679139272e-01
1.077973512068737927e+00 1.161393826774192561e+00
-6.222434375498557824e-01 1.353953431691591103e+00
-2.417331110028712871e-01 6.735760198664564324e-01
-1.183236974404328956e+00 -1.491481101545546029e+00
-3.570130515929135218e-01 5.720651868820341157e-01
6.507040006857649495e-01 -1.301252837546819308e+00
-1.187821587486904140e-01 6.559910786049720777e-01
5.850363866397956247e-01 -1.512501535996002788e+00
-1.000547916002335835e+00 2.641294752518908440e-01
4.554688465051944801e-01 -1.796657623174564344e+00
-5.055390089391746944e-01 -1.778333669861570376e+00
6.739848072909170318e-01 1.138593466054310221e+00
-1.354619562957140033e+00 5.784159807453828073e-01
7.117311044159914113e-01 9.027279665939400566e-01
-3.046459865923609178e-01 -1.827966941666902878e+00
5.333628201489327703e-01 -1.420267249026582190e+00
-1.002770511777675067e+00 -8.980111630052666216e-01
1.432253187323046850e+00 8.651322829652642321e-01
4.414673602593619517e-01 -1.620777991882650648e-01
1.739469414037269512e+00 1.404651828098911315e+00
-7.248663821092962145e-01 1.219319353569959796e+00
1.217819112432942052e+00 9.979411891816637459e-01
1.737711842699319664e+00 2.090888946652556868e+00
5.677183070002429499e-01 -1.376338102465232360e+00
1.147747665956731167e+00 1.292600349537694759e+00
1.840013648353414855e+00 1.210984101995790541e+00
-1.699708332004759459e+00 7.498442861748799704e-01
-1.287243898000054232e+00 6.940127591555707021e-01
4.508217901416127216e-01 -1.627200942629357661e+00
-8.885957898165973423e-02 1.623043041660745534e-01
-2.558586313174986485e-02 -8.809063282126200489e-01
1.249577221016731743e+00 1.325523561337653256e+00
8.497926517032607929e-01 2.781685874756810728e-01
5.763145012957968105e-02 1.496849733343633693e+00
-1.362631840498388369e+00 -1.049509559644993262e+00
-6.264875719169098467e-01 3.793243348270471937e-01
8.025536500620391589e-01 -4.331171500870257263e-01
3.127419224217551919e-01 -8.518512213825929491e-01
-8.543042764912431863e-01 -5.172123822012869576e-01
5.112152449423911227e-01 9.178320711225373962e-01
9.731058256889967284e-01 -2.999626287147166837e-02
5.746231972798033771e-01 2.010409186812914806e-01
-1.231499029807807011e+00 4.551668688079094083e-01
1.038891821184520836e+00 5.547781788715342444e-01
1.915748021305562654e+00 1.234475583187761183e+00
5.564861815515173005e-01 -6.480611733881186387e-01
-1.034814691153387090e+00 -2.579908738620047548e-01
4.874611250730406797e-01 -1.077048408486772635e+00
7.915124226707463961e-01 3.977078218713657742e-01
-1.655438515646948883e+00 3.587724969907054029e-01
1.575525771251345963e+00 1.243614672431993418e+00
-9.979874761476208445e-01 3.693181698603671403e-01
8.485416764571578341e-01 3.540264679295069827e-01
-1.160122369403399079e+00 6.788390663099139744e-01
3.771410271649100476e-01 -1.169620185564213433e+00
-1.186892049479487010e+00 -1.250037159162878497e+00
-6.676330106493616467e-01 5.920322711795875659e-01
1.308519280989844935e+00 1.584642671659057145e+00
1.065307759636481499e+00 8.095293654742413691e-01
-4.444145646274471062e-01 -1.226310453583585147e+00
-1.012399663135140404e+00 -1.072862922580290590e+00
-1.322310141123538729e+00 5.735066969631742451e-01
2.075316737073777951e-01 1.292625221407670333e+00
-8.660858873972019367e-01 -5.394650325929827295e-01
-1.575164245984478795e+00 -6.149643876870537484e-01
6.626383810458350565e-01 -9.257886010312715852e-03
-5.388575423032716527e-01 -1.404018906181925930e+00
-7.623626959334589559e-02 1.484254512550236438e+00
9.004019328318427773e-01 1.796384648927765865e-02
1.292105278567735827e+00 1.480381909476160551e+00
-1.829257339172751795e+00 6.279750338323305536e-01
-9.547569928723440014e-02 -9.803811075857403745e-01
1.017854863756782358e+00 -7.430748918273144543e-01
-1.563615657378864432e+00 2.069194116094647817e-01
1.946222169363229781e+00 9.741398679924436754e-01
-1.760633334391420224e+00 -5.041183461167048074e-02
1.168995797187481589e+00 2.300966096199067931e-02
1.245391320971361848e+00 6.591638295930318803e-01
6.838054092942691398e-01 -9.377197099873779695e-02
1.224694801323763932e-01 1.276495549134120999e+00
6.699159717698849326e-02 6.616870014237498099e-01
-1.498416850875853745e+00 3.857449816018166944e-01
8.295349290091804662e-01 1.080132664865344427e+00
-1.072056772567646865e+00 8.550665842672595662e-01
-1.132606184832847696e+00 -4.380676556697540164e-02
-1.525240174538777582e+00 2.459513134320517880e-01
7.609428043309607315e-01 -3.105983185871343255e-01
1.300317381381000115e-01 7.051363061106233898e-01
9.889080701857945188e-01 2.326038508690728701e-01
-3.440398899530519028e-01 -2.920970870519737361e-01
6.336235340814047046e-01 -7.501334756075224153e-01
1.064382301496550998e+00 1.230774701854261632e+00
-2.166215788498289108e-01 -5.609090826161095000e-01
-1.722906335355429475e+00 3.335918453952843032e-01
1.439206365332120541e+00 -3.456713046539497403e-02
-9.110050376951915885e-01 7.816741940733571425e-01
9.972443345882660015e-01 2.879792721291202576e-02
2.166004790405786196e+00 9.446203980580845094e-01
9.843959729253856095e-01 4.415294108247892479e-01
-9.236838822231260293e-01 1.002076799051013767e+00
1.081137973610409198e+00 1.119442126173084917e+00
-9.291456665018302807e-01 3.583658154571678911e-01
8.920457972841433492e-02 -2.328915376058415809e+00
-8.131333761831061047e-01 -5.640334128360252608e-01
-1.236738673528029020e+00 4.250153378639289631e-02
-2.500883759467973366e-01 -1.742840849920460844e+00
1.275823812360963094e+00 9.686095812439289299e-01
-5.619838791821465396e-01 -1.347268178350964352e+00
-3.569785785747487394e-01 -1.798927842795743137e+00
1.314190878853828348e+00 4.156690163148217265e-01
6.100821607668196478e-01 -4.692260779987548203e-01
8.499244235818341486e-02 -1.496089541538794032e+00
6.694277279907293043e-02 -1.531135329306246184e+00
3.504947230878643349e-01 -1.508634092511975000e+00
-1.216675546983342571e+00 9.576691335869945698e-01
-1.792779061736531898e-01 9.270143441675500473e-02
7.085175050087240134e-01 -1.411267204119288188e+00
2.923684536999773820e-01 -2.132661240072192044e+00
7.772647370152833135e-01 -1.109244779575847994e+00
