7.571004033088684082e-01
5.753076672554016113e-01
8.480891585350036621e-01
7.854390740394592285e-01
9.583649039268493652e-01
8.477001190185546875e-01
7.579287886619567871e-01
7.446795105934143066e-01
9.473094344139099121e-01
8.187377452850341797e-01
9.656941890716552734e-02
6.842424869537353516e-01
9.423369169235229492e-01
6.067635416984558105e-01
7.947017550468444824e-01
8.815876245498657227e-01
7.102983593940734863e-01
8.512846231460571289e-01
8.294694423675537109e-01
9.531201124191284180e-01
7.235970497131347656e-01
9.965273141860961914e-01
8.367739915847778320e-01
6.691625118255615234e-01
6.349073648452758789e-01
8.878961801528930664e-01
9.043974876403808594e-01
9.824028611183166504e-01
9.154776334762573242e-01
9.407892227172851562e-01
6.767512559890747070e-01
9.204947352409362793e-01
9.208763837814331055e-01
5.094581842422485352e-01
7.931218147277832031e-01
9.145984053611755371e-01
1.248893439769744873e-01
7.986336946487426758e-01
4.876617789268493652e-01
7.464201450347900391e-01
7.752730250358581543e-01
1.701762080192565918e-01
9.477723240852355957e-01
5.155042409896850586e-01
9.818015694618225098e-01
7.272006869316101074e-01
9.893741607666015625e-01
7.490655779838562012e-01
9.334193468093872070e-01
4.881944358348846436e-01
2.070979475975036621e-01
5.856643915176391602e-01
7.460860610008239746e-01
6.406638026237487793e-01
5.707700252532958984e-01
8.401149511337280273e-01
9.733030200004577637e-01
5.447549223899841309e-01
4.759498238563537598e-01
7.371852397918701172e-01
5.185457468032836914e-01
7.394405007362365723e-01
6.492731571197509766e-01
4.799256622791290283e-01
9.530082345008850098e-01
8.347005844116210938e-01
4.291542470455169678e-01
9.174716472625732422e-01
3.496746420860290527e-01
5.940274596214294434e-01
9.071258306503295898e-01
9.536399841308593750e-01
8.770074844360351562e-01
9.418312311172485352e-01
9.196690320968627930e-01
5.846886634826660156e-01
8.284714818000793457e-01
7.983443737030029297e-01
6.917079091072082520e-01
8.443352580070495605e-01
9.051804542541503906e-01
8.882580995559692383e-01
8.388556241989135742e-01
8.382419943809509277e-01
8.931538462638854980e-01
7.194858789443969727e-01
3.277984559535980225e-01
3.718619942665100098e-01
8.245276212692260742e-01
9.724024534225463867e-01
8.970853686332702637e-01
8.232252597808837891e-01
8.633379936218261719e-01
8.912847638130187988e-01
9.549204707145690918e-01
9.521201252937316895e-01
3.054145872592926025e-01
6.193869113922119141e-01
8.096443414688110352e-01
5.200770497322082520e-01
9.000908732414245605e-01
4.257379174232482910e-01
9.408415555953979492e-01
4.969542026519775391e-01
9.696556925773620605e-01
3.098654747009277344e-01
3.895614743232727051e-01
5.268447995185852051e-01
9.437937140464782715e-01
5.314571857452392578e-01
9.982719421386718750e-01
5.765253305435180664e-01
7.521112561225891113e-01
9.795182943344116211e-01
8.230797052383422852e-01
9.884163141250610352e-01
9.340937733650207520e-01
7.559063434600830078e-01
9.122759699821472168e-01
8.390522003173828125e-01
6.788564920425415039e-01
8.626504540443420410e-01
4.976359009742736816e-01
9.725920557975769043e-01
8.991104960441589355e-01
9.647151827812194824e-01
9.721144437789916992e-01
5.247603654861450195e-01
8.970435857772827148e-01
7.901860475540161133e-01
5.099245309829711914e-01
9.945765137672424316e-01
4.126199781894683838e-01
4.870825707912445068e-01
9.921236634254455566e-01
8.724581599235534668e-01
9.180244803428649902e-01
7.905541658401489258e-01
4.922096729278564453e-01
9.901660680770874023e-01
7.754111886024475098e-01
5.463958978652954102e-01
8.879947066307067871e-01
7.919954657554626465e-01
9.268566966056823730e-01
7.990881800651550293e-01
4.495052099227905273e-01
5.651160478591918945e-01
6.788605451583862305e-01
9.397881627082824707e-01
3.272341787815093994e-01
5.075044631958007812e-01
6.319003701210021973e-01
9.399794936180114746e-01
9.186165332794189453e-01
9.594531059265136719e-01
9.865788817405700684e-01
6.744773387908935547e-01
6.174714565277099609e-01
8.853275775909423828e-01
6.961758136749267578e-01
9.658481478691101074e-01
9.075986742973327637e-01
5.243825912475585938e-01
8.393710851669311523e-01
8.909047842025756836e-01
6.487158536911010742e-01
-6.976008415222167969e-03
5.338994860649108887e-01
8.763522505760192871e-01
3.399625122547149658e-01
8.326399326324462891e-01
4.742682576179504395e-01
8.479237556457519531e-01
9.082350730895996094e-01
9.333288669586181641e-01
8.738142251968383789e-01
7.618798017501831055e-01
8.777171969413757324e-01
7.864162325859069824e-01
3.939951658248901367e-01
6.655598282814025879e-01
9.298897385597229004e-01
9.164481759071350098e-01
8.235744833946228027e-01
8.559926748275756836e-01
7.386502027511596680e-01
6.018031835556030273e-01
7.501732110977172852e-01
8.388872742652893066e-01
6.407121419906616211e-01
9.196227192878723145e-01
9.097233414649963379e-01
7.172422409057617188e-01
7.266283631324768066e-01
4.116317033767700195e-01
3.363512456417083740e-01
4.506323337554931641e-01
2.981154918670654297e-01
9.759746193885803223e-01
9.732775092124938965e-01
6.492880582809448242e-01
7.583028078079223633e-01
-3.685671091079711914e-02
6.845912933349609375e-01
9.409059286117553711e-01
4.705292284488677979e-01
8.747593760490417480e-01
4.893603026866912842e-01
8.348175287246704102e-01
3.597649335861206055e-01
8.090919256210327148e-01
1.599459648132324219e-01
6.686457395553588867e-01
4.187635779380798340e-01
9.739280939102172852e-01
7.566547393798828125e-01
5.863199234008789062e-01
9.867557883262634277e-01
9.562394618988037109e-01
9.991417527198791504e-01
7.427531480789184570e-01
2.740297317504882812e-01
9.321489930152893066e-01
9.957697391510009766e-01
8.299236893653869629e-01
8.722481131553649902e-01
6.976743936538696289e-01
9.639685750007629395e-01
5.591632723808288574e-01
9.025666713714599609e-01
9.151722788810729980e-01
8.771551847457885742e-01
9.462962150573730469e-01
9.743325710296630859e-01
7.525058984756469727e-01
8.979692459106445312e-01
2.278403937816619873e-01
7.582517862319946289e-01
5.612339973449707031e-01
9.043869376182556152e-01
9.532923102378845215e-01
6.973783969879150391e-01
9.374887943267822266e-01
7.725563645362854004e-01
9.131863117218017578e-01
5.798157453536987305e-01
9.516741633415222168e-01
3.075610101222991943e-01
6.384334564208984375e-01
8.456152677536010742e-01
8.221739530563354492e-01
9.485352039337158203e-01
-1.097459197044372559e-01
5.470317602157592773e-01
6.638478040695190430e-01
7.154794931411743164e-01
9.950338602066040039e-01
9.756265282630920410e-01
9.388975501060485840e-01
6.697115898132324219e-01
9.246924519538879395e-01
5.665691494941711426e-01
8.239488601684570312e-01
8.210868835449218750e-01
9.345088601112365723e-01
4.265576303005218506e-01
2.657746970653533936e-01
9.557089209556579590e-01
8.091924786567687988e-01
9.122471213340759277e-01
9.510824084281921387e-01
9.429096579551696777e-01
8.999431729316711426e-01
7.898058295249938965e-01
3.455137610435485840e-01
6.598181724548339844e-01
2.898118793964385986e-01
9.259955883026123047e-01
9.500572085380554199e-01
9.356887340545654297e-01
5.529762506484985352e-01
7.138168215751647949e-01
8.801982402801513672e-01
8.552069664001464844e-01
9.182271361351013184e-01
8.739257454872131348e-01
8.432337045669555664e-01
3.413915932178497314e-01
8.914824724197387695e-01
6.900506019592285156e-01
7.501320838928222656e-01
9.217491745948791504e-01
6.984854340553283691e-01
7.816463708877563477e-01
9.646893739700317383e-01
5.195149779319763184e-01
5.394513607025146484e-01
8.995801210403442383e-01
9.032610654830932617e-01
7.956445813179016113e-01
7.331067323684692383e-01
9.814094305038452148e-01
9.597349166870117188e-01
6.185228824615478516e-01
6.927332282066345215e-01
5.682145953178405762e-01
5.179835557937622070e-01
7.718768715858459473e-01
5.283699631690979004e-01
9.032460451126098633e-01
9.793109893798828125e-01
9.683430194854736328e-01
9.881041646003723145e-01
9.956885576248168945e-01
8.616208434104919434e-01
8.855884671211242676e-01
3.384578824043273926e-01
3.538364171981811523e-01
6.648653745651245117e-01
3.486439883708953857e-01
4.852817654609680176e-01
6.477997899055480957e-01
7.718889713287353516e-01
8.403012752532958984e-01
5.212289094924926758e-01
5.824042558670043945e-01
6.299672126770019531e-01
9.127572774887084961e-01
9.889438748359680176e-01
8.618494272232055664e-01
7.241967916488647461e-01
6.257562637329101562e-01
9.194725751876831055e-01
4.420402944087982178e-01
5.793188810348510742e-01
9.821570515632629395e-01
4.182826876640319824e-01
9.173600077629089355e-01
8.439103960990905762e-01
2.324419319629669189e-01
8.371477127075195312e-01
7.967272400856018066e-01
9.049440622329711914e-01
6.915771365165710449e-01
5.407494306564331055e-01
9.463181495666503906e-01
7.935901880264282227e-01
6.811813116073608398e-01
7.028700709342956543e-01
5.517012476921081543e-01
9.434538483619689941e-01
1.488088071346282959e-01
9.395067095756530762e-01
9.940809607505798340e-01
2.001181244850158691e-02
8.950561881065368652e-01
2.378291189670562744e-01
2.871851325035095215e-01
2.252069115638732910e-01
9.228476285934448242e-01
5.731912851333618164e-01
1.434147357940673828e-02
9.694039225578308105e-01
3.654196262359619141e-01
7.490230202674865723e-01
8.354133367538452148e-01
9.780485630035400391e-01
5.825511217117309570e-01
8.705551028251647949e-01
7.068140506744384766e-01
7.784510850906372070e-01
6.074056625366210938e-01
9.564521312713623047e-01
8.831853866577148438e-01
8.219019770622253418e-01
5.373381972312927246e-01
9.696037769317626953e-01
6.863996982574462891e-01
9.251300692558288574e-01
6.848238110542297363e-01
8.289696574211120605e-01
8.371419906616210938e-01
-7.808333635330200195e-02
9.551802873611450195e-01
8.959634900093078613e-01
8.530185222625732422e-01
8.831747174263000488e-01
8.777914643287658691e-01
8.296854496002197266e-01
6.641837358474731445e-01
4.752219915390014648e-01
9.094966053962707520e-01
5.212280750274658203e-01
7.891820669174194336e-01
7.898160219192504883e-01
5.898836851119995117e-01
8.677479624748229980e-01
4.913587868213653564e-01
9.679931998252868652e-01
8.798657655715942383e-01
9.300529956817626953e-01
8.009077906608581543e-01
5.239295959472656250e-02
5.771093368530273438e-01
8.586888313293457031e-01
2.155829966068267822e-01
6.698117852210998535e-01
7.149798870086669922e-01
7.422832846641540527e-01
6.648885011672973633e-01
9.377987384796142578e-01
7.975546121597290039e-01
7.232187390327453613e-01
1.812052726745605469e-01
7.486565113067626953e-01
7.808415889739990234e-01
6.687270402908325195e-01
6.391367912292480469e-01
9.325696825981140137e-01
8.595032095909118652e-01
2.645334601402282715e-01
8.875813484191894531e-01
9.742041826248168945e-01
6.747637987136840820e-01
8.933742046356201172e-01
6.304523348808288574e-01
1.629172265529632568e-01
9.098256230354309082e-01
9.101642966270446777e-01
8.193789720535278320e-01
5.798437595367431641e-01
-6.351065635681152344e-02
9.901221394538879395e-01
7.663591504096984863e-01
6.038921475410461426e-01
9.229324460029602051e-01
2.684060037136077881e-01
9.793269634246826172e-01
6.783977746963500977e-01
7.350188493728637695e-01
7.150091528892517090e-01
7.117816209793090820e-01
8.883445262908935547e-01
9.537301659584045410e-01
7.001974582672119141e-01
9.853526353836059570e-01
8.321329355239868164e-01
7.289483547210693359e-01
5.095021724700927734e-01
7.582264542579650879e-01
8.300917744636535645e-01
7.160587310791015625e-01
6.713709831237792969e-01
9.121665954589843750e-01
7.311278581619262695e-01
6.697328686714172363e-01
9.865134358406066895e-01
9.424951672554016113e-01
7.301779985427856445e-01
4.152689576148986816e-01
9.588545560836791992e-01
6.294366121292114258e-01
8.992471098899841309e-01
9.086806774139404297e-01
7.150101661682128906e-01
9.100617766380310059e-01
6.742300987243652344e-01
9.455540776252746582e-01
9.671750664710998535e-01
9.691311120986938477e-01
9.207534790039062500e-01
9.014750719070434570e-01
8.182991147041320801e-01
7.121926546096801758e-01
9.222713112831115723e-01
7.449680566787719727e-01
6.751322150230407715e-01
8.309359550476074219e-01
9.690584540367126465e-01
5.904071331024169922e-01
9.292403459548950195e-01
8.924838900566101074e-01
9.460117220878601074e-01
2.563855648040771484e-01
7.276540994644165039e-01
6.801670193672180176e-01
8.755023479461669922e-01
7.879897952079772949e-01
6.729662418365478516e-01
2.113343477249145508e-01
6.966348886489868164e-01
5.885103940963745117e-01
9.527038931846618652e-01
9.198093414306640625e-01
8.757252693176269531e-01
6.418892741203308105e-01
6.726025342941284180e-01
5.297114849090576172e-01
4.005500078201293945e-01
9.527003765106201172e-01
9.515811800956726074e-01
7.931752800941467285e-01
8.724249005317687988e-01
7.435417175292968750e-01
9.004434347152709961e-01
4.748343229293823242e-01
8.745332360267639160e-01
9.390051960945129395e-01
7.864038348197937012e-01
8.752397298812866211e-01
9.830548167228698730e-01
7.726514339447021484e-01
4.170496463775634766e-01
7.966523766517639160e-01
2.007312178611755371e-01
8.951796889305114746e-01
1.523396372795104980e-01
6.487335562705993652e-01
4.070404171943664551e-01
6.015574932098388672e-01
5.958151817321777344e-01
9.231768250465393066e-01
9.131705164909362793e-01
6.053296923637390137e-01
9.263674616813659668e-01
6.229802370071411133e-01
7.422726154327392578e-01
8.608222007751464844e-01
9.154075384140014648e-01
7.953523397445678711e-01
5.476125478744506836e-01
9.639206528663635254e-01
3.906452655792236328e-01
9.094237685203552246e-01
8.978867530822753906e-01
9.240694046020507812e-01
1.137365102767944336e-01
9.329555630683898926e-01
8.679918050765991211e-01
1.057292819023132324e-01
3.605277538299560547e-01
9.158511161804199219e-01
9.140692353248596191e-01
9.888488650321960449e-01
9.135527610778808594e-01
9.881331324577331543e-01
2.119283378124237061e-01
8.701742291450500488e-01
1.063033938407897949e-02
9.016279578208923340e-01
9.261633157730102539e-01
7.607514858245849609e-01
6.810308694839477539e-01
9.506086111068725586e-01
9.693742394447326660e-01
9.989869594573974609e-01
9.904441237449645996e-01
7.195938229560852051e-01
9.168492555618286133e-01
8.457168340682983398e-01
5.181571245193481445e-01
8.257269263267517090e-01
9.736585021018981934e-01
5.954540371894836426e-01
8.256926536560058594e-01
5.321999788284301758e-01
3.894401192665100098e-01
7.644415497779846191e-01
9.227160811424255371e-01
5.837089419364929199e-01
9.338414669036865234e-01
9.693582057952880859e-01
4.752801060676574707e-01
6.905294656753540039e-01
3.622465133666992188e-01
9.577356576919555664e-01
8.900409936904907227e-01
7.526041865348815918e-01
5.674887895584106445e-01
7.943155765533447266e-01
8.736911416053771973e-01
4.927369058132171631e-01
6.789482831954956055e-01
7.685010433197021484e-01
8.283915519714355469e-01
9.912824034690856934e-01
8.536249399185180664e-01
9.568061828613281250e-01
9.263656735420227051e-01
2.830257415771484375e-01
4.960327148437500000e-01
9.763607382774353027e-01
8.882426023483276367e-01
8.343479037284851074e-01
7.467781305313110352e-01
4.975434243679046631e-01
9.647886157035827637e-01
7.900977730751037598e-01
9.720000028610229492e-01
4.554000000000000270e-01
7.391999999999999682e-01
7.610999999999999988e-01
9.451000000000000512e-01
6.618000000000000549e-01
9.336999999999999744e-01
7.587000000000000410e-01
9.633000000000000451e-01
7.517000000000000348e-01
7.610000000000000098e-01
7.547000000000000375e-01
8.205999999999999961e-01
8.669999999999999929e-01
5.652000000000000357e-01
8.778000000000000247e-01
8.362000000000000544e-01
7.808000000000000496e-01
7.872999999999999998e-01
6.104000000000000536e-01
9.475000000000000089e-01
4.207000000000000184e-01
7.437000000000000277e-01
6.967999999999999750e-01
3.241999999999999882e-01
7.760000000000000231e-01
6.991000000000000547e-01
3.935000000000000164e-01
3.783000000000000251e-01
5.802000000000000490e-01
7.773999999999999799e-01
9.951999999999999735e-01
9.534000000000000252e-01
6.540000000000000258e-01
8.520999999999999686e-01
8.813999999999999613e-01
6.304999999999999494e-01
8.833999999999999631e-01
8.195000000000000062e-01
9.129000000000000448e-01
8.520999999999999686e-01
9.200000000000000400e-01
7.923999999999999932e-01
9.307999999999999607e-01
6.387000000000000455e-01
7.859000000000000430e-01
3.554999999999999827e-01
8.760000000000000009e-01
7.836999999999999522e-01
8.416000000000000147e-01
8.727000000000000313e-01
4.529000000000000248e-01
5.159000000000000252e-01
7.508000000000000229e-01
8.538999999999999924e-01
6.408000000000000362e-01
8.584000000000000519e-01
6.878999999999999559e-01
8.480999999999999650e-01
5.971999999999999531e-01
7.687000000000000499e-01
9.000000000000000222e-01
7.711999999999999966e-01
5.809999999999999609e-01
9.102000000000000091e-01
8.478999999999999870e-01
5.512000000000000233e-01
9.000000000000000222e-01
8.647000000000000242e-01
8.715000000000000524e-01
8.231000000000000538e-01
6.177000000000000268e-01
3.377000000000000002e-01
9.456999999999999851e-01
6.945000000000000062e-01
5.135999999999999455e-01
3.629999999999999893e-01
4.450999999999999956e-01
7.155000000000000249e-01
7.003000000000000336e-01
8.889000000000000234e-01
9.121000000000000218e-01
9.744000000000000439e-01
5.232999999999999874e-01
8.308999999999999719e-01
6.546999999999999487e-01
7.325000000000000400e-01
5.272999999999999909e-01
8.466000000000000192e-01
9.714000000000000412e-01
8.005999999999999783e-01
9.748999999999999888e-01
8.399999999999999689e-01
7.376000000000000334e-01
9.781999999999999584e-01
4.247000000000000219e-01
5.887000000000000011e-01
7.338000000000000078e-01
7.869000000000000439e-01
2.669000000000000261e-01
8.066999999999999726e-01
6.968999999999999639e-01
7.418000000000000149e-01
7.796999999999999487e-01
7.693999999999999728e-01
8.645000000000000462e-01
6.805999999999999828e-01
8.504000000000000448e-01
6.742000000000000215e-01
8.675000000000000488e-01
8.360999999999999543e-01
6.701000000000000290e-01
8.794999999999999485e-01
8.688000000000000167e-01
8.662999999999999590e-01
8.189999999999999503e-01
5.735000000000000098e-01
9.905000000000000471e-01
7.226000000000000201e-01
7.570999999999999952e-01
7.399000000000000021e-01
