7.679999999999999327e-02
6.021999999999999575e-01
4.580000000000000182e-01
1.199000000000000066e-01
1.912999999999999978e-01
3.361000000000000099e-01
3.592000000000000193e-01
-1.481000000000000094e-01
-1.190000000000000085e-02
-6.010000000000000064e-02
8.791999999999999815e-01
3.476000000000000201e-01
7.899000000000000465e-01
-1.746999999999999942e-01
3.502000000000000113e-01
7.504999999999999449e-01
3.655999999999999805e-01
5.390000000000000346e-02
7.992000000000000215e-01
6.069999999999999840e-01
-2.136000000000000121e-01
4.681000000000000161e-01
4.055000000000000271e-01
1.102999999999999953e-01
7.209999999999999742e-01
4.900999999999999801e-01
4.592999999999999861e-01
1.129999999999999928e-02
1.965000000000000080e-01
4.862000000000000210e-01
3.632000000000000228e-01
5.207000000000000517e-01
-3.650999999999999801e-01
1.101000000000000034e-01
-5.539999999999999786e-02
6.922000000000000375e-01
-8.709999999999999687e-02
1.199999999999999956e-01
5.607999999999999652e-01
5.359000000000000430e-01
4.153999999999999915e-01
8.138999999999999568e-01
6.284999999999999476e-01
4.839999999999999858e-01
5.030000000000000027e-01
3.189000000000000168e-01
4.037999999999999923e-01
-2.505000000000000004e-01
2.426000000000000101e-01
2.044999999999999873e-01
6.237000000000000322e-01
7.466000000000000414e-01
-4.800000000000000100e-02
6.720000000000000417e-01
3.169999999999999901e-02
3.389999999999999958e-02
3.743000000000000216e-01
3.623000000000000109e-01
2.097999999999999865e-01
2.318999999999999950e-01
3.904000000000000248e-01
5.161999999999999922e-01
-1.592000000000000082e-01
3.302999999999999825e-01
2.386000000000000065e-01
3.211999999999999855e-01
-2.610000000000000167e-02
4.929999999999999660e-02
2.028000000000000080e-01
8.557000000000000162e-01
-3.221999999999999864e-01
1.454999999999999905e-01
5.286999999999999478e-01
3.220000000000000084e-01
5.759999999999999842e-02
2.477000000000000035e-01
3.711999999999999744e-01
-1.524000000000000077e-01
-1.710000000000000131e-01
3.936000000000000054e-01
2.406000000000000083e-01
2.026999999999999913e-01
-1.738999999999999990e-01
5.999999999999999778e-01
2.343999999999999972e-01
5.441000000000000281e-01
6.102999999999999536e-01
1.633999999999999897e-01
6.987999999999999767e-01
3.925000000000000155e-01
4.627000000000000002e-01
5.234999999999999654e-01
2.575000000000000067e-01
6.038000000000000034e-01
6.432999999999999829e-01
-2.900000000000000147e-02
6.059999999999999831e-01
1.123999999999999999e-01
6.010999999999999677e-01
-2.769999999999999893e-02
3.896000000000000019e-01
-4.824999999999999845e-01
5.360000000000000320e-01
1.179999999999999938e-01
3.135999999999999899e-01
7.471999999999999753e-01
9.810000000000000664e-02
2.892000000000000126e-01
7.980000000000000426e-01
1.860999999999999877e-01
9.799999999999999684e-03
3.756999999999999784e-01
7.539000000000000146e-01
7.981000000000000316e-01
4.147000000000000131e-01
-1.360999999999999988e-01
6.487000000000000544e-01
4.334999999999999964e-01
2.540000000000000036e-01
-1.200999999999999984e-01
2.444000000000000061e-01
5.949999999999999734e-02
3.280000000000000138e-01
6.008000000000000007e-01
4.361999999999999766e-01
-2.331000000000000016e-01
7.146000000000000130e-01
2.886000000000000232e-01
2.993000000000000105e-01
7.570000000000000340e-02
3.211999999999999855e-01
9.337999999999999634e-01
3.889999999999999708e-02
8.087999999999999634e-01
-2.558000000000000274e-01
4.408000000000000251e-01
4.616000000000000103e-01
2.562999999999999723e-01
5.393999999999999906e-01
2.535000000000000031e-01
-1.345999999999999974e-01
2.156000000000000139e-01
7.731999999999999984e-01
3.270000000000000129e-01
4.621000000000000107e-01
4.529000000000000248e-01
6.155000000000000471e-01
2.736999999999999988e-01
5.929999999999999855e-02
4.864999999999999880e-01
5.195999999999999508e-01
1.880000000000000004e-01
2.867000000000000104e-01
5.306999999999999496e-01
2.938000000000000056e-01
1.973000000000000032e-01
3.165999999999999925e-01
7.149999999999999412e-02
1.048999999999999932e-01
-1.001999999999999974e-01
1.194999999999999951e-01
2.780000000000000249e-01
3.785000000000000031e-01
7.872999999999999998e-01
3.325000000000000178e-01
2.422999999999999876e-01
-9.679999999999999716e-02
7.126000000000000112e-01
2.570999999999999952e-01
3.619999999999999885e-01
2.666000000000000036e-01
5.575999999999999845e-01
7.240000000000000602e-02
3.855999999999999983e-01
4.697000000000000064e-01
6.110999999999999766e-01
5.007000000000000339e-01
5.190000000000000169e-02
3.417000000000000037e-01
2.970999999999999752e-01
5.613000000000000211e-01
1.919999999999999832e-02
3.642000000000000237e-01
7.155000000000000249e-01
4.081000000000000183e-01
2.767999999999999905e-01
3.679000000000000048e-01
5.969999999999999751e-01
4.787000000000000144e-01
6.936999999999999833e-01
5.919999999999999707e-01
5.420000000000000373e-01
3.411000000000000143e-01
5.634000000000000119e-01
2.536999999999999811e-01
7.923000000000000043e-01
5.002999999999999670e-01
1.963000000000000023e-01
3.936000000000000054e-01
5.908999999999999808e-01
4.410999999999999921e-01
4.857000000000000206e-01
2.139999999999999888e-02
-2.043000000000000094e-01
1.338999999999999913e-01
5.464999999999999858e-01
5.171000000000000041e-01
8.599999999999999312e-02
5.223999999999999755e-01
2.705000000000000182e-01
-2.571999999999999842e-01
-1.884000000000000119e-01
2.707999999999999852e-01
5.684000000000000163e-01
-3.845000000000000084e-01
4.939999999999999947e-02
4.578999999999999737e-01
3.452999999999999958e-01
8.346000000000000085e-01
7.112000000000000544e-01
5.848999999999999755e-01
-3.520000000000000212e-02
-1.400000000000000029e-02
8.200000000000000344e-02
8.708000000000000185e-01
7.733999999999999764e-01
3.245000000000000107e-01
3.634999999999999898e-01
4.366999999999999771e-01
6.479000000000000314e-01
5.864000000000000323e-01
5.743000000000000327e-01
-1.189000000000000057e-01
1.744999999999999885e-01
6.346000000000000529e-01
3.124000000000000110e-01
5.755000000000000115e-01
7.430000000000000493e-02
1.423000000000000098e-01
6.515999999999999570e-01
1.163000000000000006e-01
4.709999999999999742e-01
2.841000000000000192e-01
7.234000000000000430e-01
1.350000000000000089e-01
7.695999999999999508e-01
1.695000000000000118e-01
4.723999999999999866e-01
7.760000000000000231e-01
1.419999999999999873e-01
4.173000000000000043e-01
2.286999999999999866e-01
3.104000000000000092e-01
7.073000000000000398e-01
5.752000000000000446e-01
-3.255000000000000115e-01
-8.500000000000000611e-02
8.568999999999999950e-01
3.584999999999999853e-01
3.970000000000000195e-01
2.842000000000000082e-01
4.626000000000000112e-01
2.313999999999999946e-01
2.605000000000000093e-01
6.669000000000000483e-01
4.570000000000000173e-01
4.003999999999999782e-01
8.084999999999999964e-01
3.366999999999999993e-01
2.162999999999999923e-01
5.253999999999999782e-01
4.734999999999999765e-01
5.443999999999999950e-01
2.775000000000000244e-01
5.785000000000000142e-01
1.592999999999999972e-01
3.629999999999999893e-01
3.323999999999999733e-01
1.529999999999999971e-01
6.427000000000000490e-01
4.138000000000000012e-01
5.523000000000000131e-01
-7.249999999999999500e-02
1.920000000000000040e-01
1.797999999999999876e-01
2.898999999999999910e-01
1.136000000000000065e-01
1.854999999999999982e-01
7.806999999999999496e-01
3.874000000000000221e-01
6.556999999999999496e-01
2.404999999999999916e-01
6.038999999999999924e-01
4.546000000000000041e-01
-1.585999999999999910e-01
5.745999999999999996e-01
6.946999999999999842e-01
-2.600999999999999979e-01
7.781000000000000139e-01
6.822000000000000286e-01
2.695000000000000173e-01
5.366999999999999549e-01
6.585999999999999632e-01
5.413999999999999924e-01
8.091000000000000414e-01
5.936000000000000165e-01
6.525999999999999579e-01
9.102000000000000091e-01
1.164000000000000035e-01
5.530000000000000471e-01
1.019999999999999934e-01
7.462999999999999634e-01
4.922000000000000264e-01
6.754999999999999893e-01
6.646999999999999575e-01
-1.570000000000000007e-01
2.250999999999999945e-01
2.600999999999999979e-01
5.483999999999999986e-01
2.454999999999999960e-01
5.856999999999999984e-01
1.738999999999999990e-01
-1.110000000000000049e-02
5.229000000000000314e-01
4.119999999999999774e-01
4.202000000000000179e-01
2.157000000000000028e-01
5.588999999999999524e-01
5.390000000000000346e-02
3.120999999999999885e-01
3.342999999999999861e-01
3.356999999999999984e-01
1.638999999999999901e-01
5.102999999999999758e-01
-6.119999999999999746e-02
7.853999999999999870e-01
3.966000000000000081e-01
-5.380000000000000060e-02
4.279999999999999777e-02
2.384000000000000008e-01
4.808000000000000052e-01
1.955000000000000071e-01
4.563999999999999724e-01
7.399999999999999911e-01
5.180000000000000160e-01
7.305000000000000382e-01
2.492999999999999938e-01
5.983000000000000540e-01
1.165999999999999953e-01
4.970000000000000112e-02
-1.190000000000000085e-02
2.846000000000000196e-01
7.193000000000000504e-01
5.617999999999999661e-01
8.003000000000000114e-01
8.590999999999999748e-01
7.929000000000000492e-01
4.462999999999999745e-01
1.688999999999999946e-01
5.824000000000000288e-01
3.355000000000000204e-01
3.891000000000000014e-01
7.351999999999999647e-01
3.095999999999999863e-01
2.515000000000000013e-01
4.222000000000000197e-01
-2.479999999999999913e-02
6.132999999999999563e-01
1.131000000000000061e-01
3.503999999999999893e-01
7.917999999999999483e-01
1.180999999999999966e-01
3.151999999999999802e-01
2.480999999999999872e-01
4.050000000000000266e-01
1.060999999999999999e-01
2.235000000000000042e-01
3.091999999999999749e-01
3.610000000000000014e-02
3.390000000000000235e-01
4.264999999999999902e-01
3.634999999999999898e-01
3.588999999999999968e-01
7.717000000000000526e-01
3.271999999999999909e-01
-4.689999999999999725e-02
-9.439999999999999780e-02
-2.992000000000000215e-01
4.177000000000000157e-01
2.665000000000000147e-01
2.581999999999999851e-01
-1.073999999999999955e-01
7.850000000000000033e-02
5.499000000000000554e-01
-5.260000000000000092e-02
2.142000000000000015e-01
5.377999999999999448e-01
2.766000000000000125e-01
8.100000000000000255e-02
3.952999999999999847e-01
2.063000000000000111e-01
6.027000000000000135e-01
-1.532000000000000028e-01
7.452999999999999625e-01
4.521000000000000019e-01
3.321000000000000063e-01
6.129000000000000004e-01
3.410000000000000253e-01
5.090000000000000080e-01
2.399999999999999911e-01
5.820000000000000173e-02
5.026000000000000467e-01
-3.237999999999999767e-01
8.390000000000000235e-02
4.253000000000000114e-01
3.297999999999999821e-01
2.026000000000000023e-01
3.719999999999999973e-01
4.862000000000000210e-01
2.999999999999999889e-02
5.370000000000000329e-01
6.854999999999999982e-01
6.321999999999999842e-01
7.337000000000000188e-01
6.060000000000000109e-02
2.571999999999999842e-01
4.228000000000000091e-01
6.642000000000000126e-01
5.671000000000000485e-01
3.919000000000000261e-01
2.021999999999999909e-01
-3.719999999999999696e-02
6.774000000000000021e-01
4.300999999999999823e-01
4.112999999999999989e-01
3.023000000000000131e-01
4.335999999999999854e-01
8.132000000000000339e-01
7.577000000000000401e-01
-7.159999999999999698e-02
6.408000000000000362e-01
2.023000000000000076e-01
5.155999999999999472e-01
4.471999999999999864e-01
2.862999999999999989e-01
6.090999999999999748e-01
3.214000000000000190e-01
2.306999999999999884e-01
-8.419999999999999707e-02
3.262999999999999790e-01
3.709999999999999964e-01
2.551999999999999824e-01
2.240000000000000047e-01
4.390000000000000152e-02
3.734999999999999987e-01
9.237999999999999545e-01
4.320999999999999841e-01
4.233999999999999986e-01
5.063999999999999613e-01
7.321999999999999620e-01
6.956999999999999851e-01
1.917000000000000093e-01
5.959999999999999742e-01
1.532999999999999918e-01
1.890999999999999903e-01
2.429999999999999938e-01
4.323000000000000176e-01
4.097000000000000086e-01
7.906999999999999584e-01
6.961000000000000520e-01
2.600999999999999979e-01
5.333999999999999853e-01
3.574999999999999845e-01
-1.399999999999999986e-03
7.520000000000000018e-01
2.359999999999999876e-01
1.489999999999999936e-01
2.969999999999999862e-01
4.875999999999999779e-01
8.701999999999999735e-01
5.020000000000000018e-01
5.855000000000000204e-01
7.086999999999999966e-01
-1.633999999999999897e-01
1.449999999999999900e-01
3.881000000000000005e-01
-1.436999999999999944e-01
1.678999999999999937e-01
5.933000000000000496e-01
3.832999999999999741e-01
6.922000000000000375e-01
1.451000000000000068e-01
3.291000000000000036e-01
2.426999999999999991e-01
4.530000000000000138e-01
-7.470000000000000251e-02
2.353999999999999981e-01
2.893999999999999906e-01
9.650000000000000244e-02
-8.099999999999999561e-03
3.705999999999999850e-01
6.272999999999999687e-01
8.133000000000000229e-01
4.989999999999999991e-01
-1.459000000000000019e-01
3.301000000000000045e-01
1.869000000000000106e-01
3.874000000000000221e-01
2.399000000000000021e-01
6.562999999999999945e-01
4.619999999999999801e-02
4.363000000000000211e-01
3.259999999999999704e-02
3.791999999999999815e-01
3.065999999999999837e-01
-1.129000000000000004e-01
2.528000000000000247e-01
1.882999999999999952e-01
2.492999999999999938e-01
2.631000000000000005e-01
4.269999999999999907e-01
2.545999999999999930e-01
7.480000000000000537e-02
5.497999999999999554e-01
-3.420000000000000123e-02
5.733000000000000318e-01
6.102999999999999536e-01
4.173999999999999932e-01
5.748999999999999666e-01
5.847999999999999865e-01
2.457000000000000017e-01
-4.700000000000000011e-02
2.582999999999999741e-01
8.290000000000000147e-02
7.496000000000000441e-01
1.845999999999999863e-01
5.142999999999999794e-01
3.950000000000000178e-01
3.489999999999999769e-01
2.540999999999999925e-01
-7.100000000000000408e-03
1.917999999999999983e-01
4.642999999999999905e-01
-3.780000000000000027e-02
7.524999999999999467e-01
4.623999999999999777e-01
7.290999999999999703e-01
1.242000000000000048e-01
1.834000000000000075e-01
8.428999999999999826e-01
1.170999999999999958e-01
6.129999999999999893e-01
0.000000000000000000e+00
5.070000000000000201e-02
4.991999999999999771e-01
5.855000000000000204e-01
5.879999999999999671e-01
6.238000000000000211e-01
5.324999999999999734e-01
5.243999999999999773e-01
5.900999999999999579e-01
2.278999999999999915e-01
5.631000000000000449e-01
4.303000000000000158e-01
7.903000000000000025e-01
8.571999999999999620e-01
8.590999999999999748e-01
5.631000000000000449e-01
5.834000000000000297e-01
5.053999999999999604e-01
2.442999999999999894e-01
2.237000000000000099e-01
9.004999999999999671e-01
3.315000000000000169e-01
1.358000000000000040e-01
3.879000000000000226e-01
4.771000000000000241e-01
-1.630000000000000060e-01
3.886999999999999900e-01
1.899000000000000132e-01
6.977999999999999758e-01
5.461000000000000298e-01
8.514000000000000457e-01
7.026999999999999913e-01
6.797999999999999599e-01
1.267000000000000071e-01
6.713000000000000078e-01
-1.170000000000000068e-01
1.366999999999999882e-01
5.669999999999999485e-01
2.343999999999999972e-01
5.006000000000000449e-01
5.646999999999999797e-01
6.130000000000000032e-02
5.885000000000000231e-01
3.673000000000000154e-01
2.399999999999999911e-01
6.237000000000000322e-01
2.454000000000000070e-01
-2.529999999999999957e-02
3.683000000000000163e-01
4.182000000000000162e-01
-1.622000000000000108e-01
4.462999999999999745e-01
8.610999999999999766e-01
5.522000000000000242e-01
5.738999999999999657e-01
5.393000000000000016e-01
4.954000000000000070e-01
2.341999999999999915e-01
4.873999999999999999e-01
4.555000000000000160e-01
2.482000000000000040e-01
-2.330000000000000127e-01
1.855999999999999872e-01
5.739999999999999963e-02
3.553000000000000047e-01
3.128000000000000225e-01
7.858000000000000540e-01
8.769000000000000128e-01
6.990000000000000380e-02
2.741000000000000103e-01
3.315000000000000169e-01
-4.809999999999999692e-02
2.983999999999999986e-01
2.617999999999999772e-01
2.508000000000000229e-01
8.419999999999999707e-02
-2.049999999999999878e-01
1.287000000000000088e-01
8.971999999999999975e-01
4.157000000000000139e-01
9.365999999999999881e-01
5.053999999999999604e-01
1.736999999999999933e-01
7.721999999999999975e-01
3.351999999999999980e-01
1.968999999999999917e-01
3.684999999999999942e-01
5.299999999999999850e-02
1.464000000000000024e-01
5.829999999999999627e-01
5.987000000000000099e-01
1.223999999999999949e-01
6.429000000000000270e-01
4.944999999999999951e-01
2.457999999999999907e-01
3.336999999999999966e-01
2.374999999999999889e-01
1.373999999999999944e-01
5.308000000000000496e-01
6.237000000000000322e-01
1.459000000000000019e-01
3.672000000000000264e-01
-5.510000000000000314e-02
2.609000000000000208e-01
8.796000000000000485e-01
1.963000000000000023e-01
4.173999999999999932e-01
3.165000000000000036e-01
4.541000000000000036e-01
5.022999999999999687e-01
1.131999999999999951e-01
-1.290999999999999925e-01
5.230000000000000204e-01
2.529999999999999957e-02
6.925000000000000044e-01
3.236999999999999877e-01
3.180999999999999939e-01
4.230999999999999761e-01
4.739999999999999769e-01
-1.827999999999999903e-01
6.594999999999999751e-01
1.491000000000000103e-01
3.635999999999999788e-01
4.208999999999999964e-01
2.640000000000000124e-01
6.772000000000000242e-01
3.985000000000000209e-01
3.654999999999999916e-01
2.419999999999999929e-01
2.675000000000000155e-01
3.743000000000000216e-01
2.472000000000000031e-01
3.440000000000000002e-02
6.393999999999999684e-01
3.300000000000000155e-02
6.565999999999999615e-01
3.131999999999999784e-01
6.420000000000000151e-01
7.521999999999999797e-01
2.439999999999999947e-01
4.411999999999999811e-01
4.551999999999999935e-01
2.635000000000000120e-01
4.918000000000000149e-01
1.894000000000000128e-01
5.805000000000000160e-01
3.442000000000000060e-01
2.921000000000000263e-01
1.917999999999999983e-01
2.247999999999999998e-01
4.154999999999999805e-01
5.514999999999999902e-01
1.265999999999999903e-01
3.078000000000000180e-01
5.945000000000000284e-01
6.177000000000000268e-01
5.441000000000000281e-01
2.182999999999999940e-01
5.672000000000000375e-01
3.371999999999999997e-01
3.817999999999999727e-01
-8.000000000000000383e-04
6.189999999999999669e-02
3.775000000000000022e-01
1.784000000000000030e-01
3.699999999999999956e-01
4.225999999999999757e-01
4.355999999999999872e-01
