-1.697276583969313246e-01 -1.295393207363618959e+00 1.474595297570196140e+00 1.069740634849331684e+00
-1.010906642822204660e-01 -3.499451681051904961e-01 -3.900992650641755821e-01 -1.405850612778066777e+00
6.745893426124142112e-01 -1.664388798461108043e-01 2.348903228847877001e-01 -6.625140031325695844e-01
1.705482455167290912e+00 -2.294005924462170221e-01 -1.115906871160499580e+00 5.055852086631157372e-01
3.919132866505359303e-01 -1.308096663093130552e+00 7.208992258346793580e-01 5.036725745936728726e-01
-3.168203729050555334e-02 -9.472120825350325291e-01 6.172031369656023614e-01 8.870344747583227552e-01
-2.157892107651067370e-02 -7.545907892025045527e-01 -8.600763833857969498e-01 6.527341484997495336e-01
-1.889210175154673488e+00 1.239877019035574790e+00 -8.671585031986212000e-01 6.786868154783622931e-01
5.512485540989509047e-01 -3.554018010749774303e-01 1.256141326062070185e+00 2.317511871569708781e-01
1.040680121677295400e+00 -5.250723828906004309e-01 -8.225516832579486959e-01 -9.794358767881438110e-01
9.720016960193533784e-02 -1.432496952102298993e-01 4.083403171056821934e-01 -2.013991449695398561e+00
-1.065672085736746544e+00 8.655195151111273744e-02 -6.383331033738083304e-01 8.789791285512909003e-01
-5.564272978149400334e-02 -1.189923896538205517e+00 1.310041233490382817e+00 2.358714412993544451e-01
-6.772695337097862645e-01 2.106348950508238893e+00 -4.051511658851339459e-01 1.105701338657052446e+00
-7.288284006299849960e-01 -6.408173864557796806e-01 -1.663521984516457275e+00 3.107734808710038155e-01
-2.979811776875846974e-01 -9.640531148347278867e-01 -1.122051708965853711e+00 2.383385005012709779e-01
1.749263344414575816e-01 -6.909367622692731414e-01 -1.836840441174176775e+00 4.844356141479331246e-01
-1.186553759914014350e+00 -5.357563968111956898e-01 -1.549927476662336545e+00 -7.805049559543802973e-01
-2.374072742054655211e-02 1.084303136339520579e+00 1.071533159186046635e+00 -4.110615140914675725e-01
3.024564807852212489e+00 1.282057048660980580e+00 2.933054485484981044e-01 4.842151704708586579e-01
4.625336847908149696e-01 -1.089787434301664026e+00 1.261013411240990978e+00 1.181095198417986936e+00
2.691260934903993096e+00 9.437339279246665935e-01 -3.119279947374441475e-01 -1.480841447248534282e-01
6.717931262557494954e-01 1.241168474863757698e+00 4.195023279518373949e-01 8.809885880625293320e-01
1.341097469276293364e+00 -6.894208217935386962e-01 -1.473488015090946179e+00 6.537175236031371739e-01
-4.803066715082160987e-01 -2.963396310260790756e-01 -6.989675304641205233e-01 -1.350999132638423639e+00
9.671425534859376949e-01 -5.121293952720396003e-02 -1.155005187198083982e+00 -7.637135674207339298e-01
-1.664183558797051932e+00 4.816993586922365678e-01 -7.678186551167518470e-01 3.031009267530434537e-01
9.429247413024685054e-01 1.765341381467970372e+00 7.104330090434812783e-01 1.070845843549204646e-01
1.327233924168852885e+00 -4.184985891988525220e-01 -8.256670220425967877e-01 -6.949616676917977909e-01
-8.382269542354929548e-02 -9.585882853316101126e-01 1.174271736024234292e+00 5.033927092756059762e-01
1.184447813920022352e-01 -9.161823492110341416e-01 1.417086387892667387e+00 1.255702517261321427e+00
-1.336847497954910535e-01 -2.259066737472681385e-01 -8.025427057131387931e-01 2.309535046816845461e-01
-1.922520147954168701e+00 2.920193450606258789e+00 1.006765445675642967e+00 6.598830494064644725e-01
-9.619617182208572981e-01 -2.961252038594769376e-01 1.364481541250785135e+00 1.571616875771854716e+00
-3.386583738638625496e-01 -1.062233365662334172e+00 1.343180471686084454e+00 1.008861837276705309e+00
4.295133700237229735e-01 -2.449603100367741260e-01 7.681168214811369133e-01 -2.671682965758144790e-01
-4.532581661272622742e-01 1.251426352689243293e+00 5.953644661915492575e-01 -1.883544500655739640e+00
1.580151472399127233e+00 -3.937326801015412214e-01 -1.098759360450260125e+00 4.797092062123904932e-01
-4.050169175452260628e-01 -2.609696660271959567e-01 7.760738792041017575e-01 -1.185224426377686102e+00
-1.335913041760962372e+00 1.047105009855473057e+00 -8.115030368826516849e-01 6.938796557592399328e-01
-4.637410970933648624e-01 -2.720680439809999851e-01 5.428629326252414344e-01 1.047948809116101776e+00
-5.057941251156282680e-01 -2.539070561721778474e-01 3.913754067430971206e-01 -1.877199781466294626e+00
2.968448326057495507e-02 1.483484011571811978e+00 1.262495165031805033e+00 2.831196041438007183e-01
-3.165821123328483866e-01 -4.928388046431546599e-01 7.030511286320689779e-01 -1.162440073547255093e+00
1.200106115348503533e+00 -1.021310957416476511e-01 -6.939291095370867524e-01 -3.153417392585708967e-01
2.229522122881939794e-01 6.077682305400242679e-01 -2.347433727646395796e-01 -1.081099805284152726e+00
-9.158527330101403630e-01 -9.264883189412670417e-01 5.964629098111635663e-01 1.405761067592606328e-01
3.021239260278740790e+00 4.453132744746115534e-01 -8.299945506162724751e-01 6.819669431161792250e-01
9.486944209001147987e-01 -3.446645933258267180e-01 -1.336938580243921093e+00 -4.537734713065834646e-01
1.231366928419672213e+00 -1.280925155101304780e+00 8.562561071627881049e-01 1.624298404914543470e+00
2.893965538002383209e-01 -6.447249972440542709e-02 1.983931898562976581e+00 1.945166246917269026e+00
-4.666648821418562521e-01 -3.772254892588882136e-01 -1.107515016372349947e+00 -1.458275620818792806e+00
7.118931091478554185e-01 -2.529450926200862981e-01 -1.439733309180655896e+00 4.979893190730428354e-01
-5.133204150858252657e-01 -4.103703881917740159e-01 -1.145659679775546502e+00 -1.355746364675832094e+00
1.878368172448254381e+00 1.525828999269622510e-01 -2.640884491042307450e-02 -1.316032282303819079e+00
-7.853262173734103513e-01 -4.497894406561056546e-01 -1.597578893922116050e+00 -8.010537021800638868e-01
-5.403903863524229800e-01 2.448714969490955351e+00 8.788268031295223479e-03 -3.017758316750430714e-01
2.596235675478074101e-01 -7.476466527093554859e-01 -6.622130131985192181e-01 1.125766222948940687e+00
-3.498909461261666687e-01 1.596970201099575437e+00 1.115389559767435035e+00 1.648415632901966799e+00
8.285496178139446777e-02 -1.136641578878044401e+00 9.602279096214832999e-01 1.168312117899497515e+00
3.360490639970452609e-01 -1.193196861460004421e-01 -2.718911667748232786e-01 -1.477804118690651425e+00
6.406217251694770187e-01 2.390606025652320110e-01 9.196486880120960938e-01 -6.721846099288992793e-01
-6.436629374170359519e-01 -1.191749381604322977e+00 6.753591529268404559e-01 1.321337168314803634e+00
-2.653915386791975140e-01 1.182784484309893358e+00 1.379068787697361298e+00 1.620331479827934906e+00
4.676909295286613144e-01 -1.253388650461970011e+00 3.471258142390273860e-01 4.959604944734452570e-01
3.061787146204437149e-01 -8.601002463136201426e-01 -8.648469367490668747e-01 4.707391911743684654e-01
1.626667728788465661e-01 -1.168903803173100719e+00 6.112376550701844602e-01 -1.342205658234689292e+00
1.471115111999472536e+00 -3.204038792331252994e-01 -1.379134676932619819e+00 -5.521902989250591087e-01
1.660720038105395924e+00 3.149044377737983402e-02 -1.038708132944426155e-01 -1.723798040291125933e+00
-1.157460267703597639e-01 -3.566834712460204559e-01 1.027325935221590436e+00 1.444741591796131708e+00
5.374484428739847441e-01 -1.972878673483613676e+00 1.459361962702723892e+00 5.693600154085725062e-01
1.888220400647794728e+00 -5.203379230539294520e-01 -1.103104786445073815e+00 -1.156112790232400739e-01
-7.431924513363679097e-01 2.960280565195225200e-01 -8.327029987412071232e-01 3.652005207178440904e-01
3.036711487137949139e-01 -1.756522979682035412e+00 5.752239722890395424e-01 5.790653732538755261e-01
6.831496749596296381e-01 -5.421325469997537727e-01 -1.254967628034236560e+00 -6.004048592611809232e-01
-4.147937522974333713e-01 3.654361753081655784e-01 1.071469882047804800e+00 -9.217887941324364176e-01
4.410739760650100316e-01 -2.750223715086826393e-01 -1.922751455513181940e+00 1.063513637491035613e-01
1.695095244527988321e+00 5.303115161405428518e-02 -1.268674677612802393e+00 4.244948296224009265e-01
-2.313060132688174786e+00 1.606495911039566904e+00 -7.030887721742516971e-01 8.420403551438426781e-01
7.244505646336880655e-01 5.178648056146899492e-01 -1.496592513320548455e-02 -7.547679576995480755e-01
2.461383904549443447e+00 -1.159202366755945623e-01 -1.102764396155845095e+00 1.607916673550939257e-01
2.217826358618515403e+00 6.378689119023973619e-01 -1.581413712252114911e-01 5.792149884570885199e-01
1.879150056380851641e+00 5.528488226232128877e-01 -7.880542767813771832e-01 4.876186510687714470e-01
-3.743501838112351376e-01 4.612577900317195723e-01 -6.758647588975491560e-01 5.297714081981196310e-01
-2.119188138979679170e+00 4.440985565987864980e-01 -1.084079403665750174e+00 2.138098307050118052e-01
5.701677095469033230e-01 -3.745142349454181341e-01 1.271562541440542038e+00 1.188562960094669885e+00
-5.520046571078198738e-01 -4.668543303176385106e-01 7.349588376452858007e-01 -1.469879685786430912e+00
3.248941631944282094e-01 -7.577426071825087428e-01 3.616704588857619918e-01 -1.529995684570335746e+00
6.284576099405621286e-02 -3.928584529113280377e-01 -1.864700194599837602e+00 1.458534912498979652e-01
1.438184765639420430e-02 -9.992808950717491090e-01 9.187564464341252402e-01 1.721258148240278063e-01
1.283683409679311715e+00 -5.997575636586083281e-01 1.014979089649521660e+00 -2.284795027861035166e-01
1.256269020467953856e+00 3.748167313339149653e-01 -9.541199161535202089e-02 -8.312377736027378727e-01
-4.894820671910247167e-01 -8.199986233542557734e-01 1.066656663268267025e+00 -3.177305422815018821e-01
-7.893235157437471505e-01 -6.741015009981473627e-01 -1.766392968342306746e+00 -2.095208160073326331e-01
-3.691338859839030651e-01 -2.054067884248639009e-01 -1.159532301705115120e+00 -3.571183361784225352e-01
-1.416366304995772207e+00 -3.208147931949064668e-01 -1.180048514218673406e+00 -1.859797657173890562e-01
2.854594913334941864e-01 -1.086153586230302615e-01 -6.363728692387283781e-01 -1.913478815493617535e+00
-6.914151580777598838e-01 9.739759576679495323e-01 -2.750766956826551923e-01 1.128185797893099807e+00
-3.102990037969434733e-01 -4.536928305596932831e-01 4.406581400108554036e-01 -6.840185358426085216e-01
-8.118756628171079903e-01 -1.276352364863559408e-01 3.530180736282960696e-01 1.494770899659168428e+00
9.655915775362696740e-01 -5.336353347165957439e-01 -1.454425649962730382e+00 6.941611120652195141e-03
-4.514644942460283583e-01 2.891960240633800083e+00 2.007663660334097488e-01 1.619695349939096696e+00
-5.029167326648856795e-01 -1.658198369502091651e+00 8.909452111359100757e-01 -1.032343348099262342e-01
2.922173902134986845e-01 3.267769286539789153e+00 -1.150963345390678128e-01 1.400345137168954368e+00
-1.834431688235466318e+00 1.599092938795201035e-01 -9.056866464168197295e-01 -1.115003095122615584e-01
-2.733986646813603774e-02 -3.039708126523547604e-01 6.478752453450801196e-01 -1.531815737600910943e+00
-4.355007969798747047e-01 -1.289008944279825375e+00 1.454275702223453592e+00 1.761315689686790531e+00
-2.108114359704769680e-01 -7.995369815508877043e-01 6.227347972476984239e-01 -1.170746237439815207e+00
-1.752818796434180149e-01 -1.290669495022182867e+00 1.291346316837855834e+00 2.268329852641179645e-01
8.480282664319723773e-01 1.125019332022509699e+00 4.694525883760017892e-01 1.499743748239719787e+00
-5.530951240985310102e-01 2.617364999268790182e+00 2.502726050106416356e-01 8.258085042586346680e-02
6.304636300034758278e-01 -7.613066744946961339e-02 7.150653027079117985e-01 -1.051564331683918052e+00
3.231716134873635071e-01 2.170486032099493423e-01 1.589242869326827234e+00 1.052789550655518269e+00
8.641316779449714769e-02 -4.178772836085632436e-01 5.204547251960608412e-01 3.641617031012090999e-01
1.982046527125837787e-01 -5.753205195516741810e-01 -1.268626413951060128e+00 3.598753866942664414e-01
-1.526517314363434963e+00 1.953979410515982229e+00 6.260572711149023917e-01 1.564745790269230497e-01
3.328555393060254719e+00 8.898934932551496590e-01 -3.406095875631390824e-01 3.631433116736653144e-01
4.205213105274853702e-01 -3.369213784710133330e-01 1.057938328982673815e+00 -5.915141615028763900e-01
2.829872346183331389e-01 7.781372740887704254e-01 1.369981138854254654e+00 5.892087004263143468e-01
1.282768524871581883e+00 -8.625643890356622656e-02 -1.565817502688345852e+00 2.070243567990093791e-01
-4.156943995279503423e-01 -8.837009931065201718e-01 3.244882483891953773e-01 -9.994206479747655969e-01
1.844181865819328525e+00 -2.583376588089401626e-01 -9.419365581926074649e-01 3.664027478472081101e-01
7.128178834022147470e-02 2.643804004822741138e+00 1.376805909019054974e+00 1.590388808821792344e+00
-1.145069753093034270e+00 1.998139282151342178e-01 -2.490425852404587748e-01 -3.757891993836364741e-01
-1.905755674779196496e-01 -2.697779283864508715e-01 -1.370439074916529165e+00 5.874560995797092899e-02
3.061429356082621123e+00 2.805664795859761362e+00 5.497959355358816858e-01 4.651461292159590477e-01
-8.443376893257386051e-01 -1.583569934342564656e-01 6.588364403403136338e-01 -3.696169694132465933e-02
-5.552980496607556882e-01 -1.064812597242510650e+00 1.806862108505947528e+00 1.456533604230926482e+00
-3.267000356271446138e-01 -7.520801408604026461e-01 -1.186680993133615525e+00 -7.232410633005190714e-01
1.857108359306517187e+00 1.217868992489814728e+00 7.883661842937450537e-01 1.044926794231345601e+00
-1.193900524987540290e+00 1.906043407178022342e+00 -6.116357916921634219e-01 1.203945206856210870e+00
-5.027276576394996699e-01 1.731053570803121056e-01 3.202617639052390275e-01 4.541401264852130276e-03
-6.680386333798127296e-01 -1.350499002775612301e+00 1.200944152477898097e+00 1.750341785916373016e+00
-3.860985068320817448e-01 -3.745001419263747633e-01 -9.744463330600345863e-01 -1.630744678960171612e+00
-1.921020690130046171e+00 1.716524167158846925e+00 -4.960079756351404301e-01 -9.345284298710175575e-02
-7.617302149467366501e-01 2.281608898950751474e+00 -1.143597199441925144e-01 6.388345247360055490e-01
1.162116579478633893e+00 -1.453664418630290278e+00 3.994037148630099621e-01 6.427430892823536857e-01
-8.508904794780189906e-01 9.677066133269783821e-01 -3.180693972558025773e-01 7.710731423616586921e-01
1.709704783727925281e-01 1.251970836689079380e+00 6.901707533019016960e-01 -1.206965054000596727e+00
-5.616813031243789167e-01 1.429940241226015152e+00 -3.531898630071136358e-01 3.944047379019971489e-02
2.259506975428821729e+00 -3.931008361112551253e-01 -1.465559711992463710e+00 4.206844168937634576e-01
1.705545889049765229e+00 7.294452660081808260e-01 3.201757120865441064e-01 1.440914201455782084e+00
2.994070489049305631e-02 5.690407814850083623e-01 -1.453196502396746081e-01 -6.754331698199390610e-01
5.385706375643733307e-02 -1.171416375191392412e+00 9.535554795911098669e-01 -5.444983797187397112e-01
-2.943639788208998742e-01 -1.126598650957256309e+00 8.916458400392316408e-01 -1.668308766324058945e-01
-2.292761060498316739e-01 -3.218001545041337952e-01 -6.859262479875124496e-01 6.212165387321256782e-01
1.392527047849875244e-01 -4.840067472458117193e-01 1.809986777699719607e+00 1.587662310490900230e+00
-3.925108049532191612e-01 -1.240872544065735328e+00 1.366047692833221916e+00 1.473867215238628514e+00
-7.708068675555832527e-01 -9.132453138595367781e-01 4.778578874354802997e-01 1.233090460662249921e+00
-1.468168831621994519e+00 1.450147500601914330e-01 -2.867880131605187177e-01 3.610850415287545356e-01
6.960700353366343629e-01 3.265633214246219662e-01 -3.129547638506048335e-01 -1.817794056984876949e+00
-5.965261305553443139e-01 -6.642407786677805293e-01 1.280216326259376647e+00 1.584146883765760627e+00
-4.142527681712767085e-01 -4.394084057354191719e-01 7.455552984656665938e-01 1.361729028779385953e+00
-3.047371490186742138e-01 -9.312881419493468371e-01 5.539342264481397216e-01 -2.564554235854707431e-01
3.152582092880957809e+00 8.072969432419027092e-01 -5.979445189872075739e-01 3.208674668594043711e-01
4.243380326108339151e-01 -4.640330082708682413e-01 -1.062758485776185591e+00 -1.423398759121329571e-01
1.319218299621834234e+00 1.970360979778746635e-01 -5.429797998230782019e-01 -3.084604287240172438e-02
-9.102165254164150399e-02 -1.414220692927870893e+00 1.559870232472638341e+00 1.232152712890338675e+00
5.636930289336088418e-01 -6.576902012316560020e-01 1.272415680122092718e+00 1.389377600002928981e+00
-6.026806628170351399e-01 -1.154379378834613057e+00 8.697697628067808662e-01 7.975417695712098132e-01
-4.363314391384345847e-01 -1.701306949260551482e+00 1.227947968099270870e+00 1.241475278646570146e+00
7.779766704533273014e-01 -3.600284514069189146e-01 -5.678975904299974342e-01 -4.596036892785964612e-01
2.070982319824386519e-01 2.422149505976163852e-01 1.369112308120995269e+00 -1.720081800915639406e-02
-5.587317044467445676e-02 -3.319921255105914848e-01 -8.890917503924326004e-01 -1.564020675367692403e+00
-2.284841024854308567e-01 -1.554194732657189659e+00 8.775261319116756109e-01 9.290694497064181379e-01
5.727167177552238142e-01 -3.912209862832491947e-01 -3.568280439903178669e-01 -7.204522253016213407e-01
-3.821597358560721025e-01 1.223842592526112938e+00 -1.295966173315121484e-01 -1.204662995962507255e+00
-1.931558326442135154e-01 4.159275343892398363e-02 6.208362286347388626e-01 -2.149431142954334462e+00
4.761503063079134540e-02 -8.237545592959829577e-01 1.001374335283716777e+00 1.550746616024373026e+00
-2.300720085199923215e-01 -3.162238563296209115e-01 -1.742717648943117981e+00 -5.594649402685168971e-01
5.162260417043698091e-01 -1.689157383977466231e-01 -1.964699921264805027e-01 -1.766544483280032107e+00
-4.274229213644887282e-01 -3.230164824132917278e-01 -1.428278281077052236e+00 -8.813238503549370995e-01
-9.971591118715416036e-01 -4.634413942043795753e-01 5.049927528940967303e-01 -1.303122002335080243e+00
-5.476273687536559187e-01 1.190444897450446016e+00 -7.446826333649381180e-01 4.796046877902878092e-01
3.199545124443234356e-01 -3.748763460786425084e-01 -1.600770911705384325e+00 -4.312924606479149880e-01
-1.056540848447262482e+00 7.843719086202280977e-01 -1.776114606299456639e-02 4.785414648568167006e-01
-9.659643611586401502e-01 -6.030116292100102804e-01 -1.355455455725979252e+00 1.696460224133272132e-01
-3.637067405900318851e-01 -1.541306269461067080e+00 1.361478167375626658e+00 1.081339792226084340e+00
-1.423788945403860140e+00 -7.416676998349637229e-01 5.960468583861281422e-01 8.018477163416946052e-01
-7.470450083063627789e-01 9.536946395978604940e-01 -9.396690143097389258e-01 5.621734454258714431e-01
1.927007339215881798e-01 5.933864538120435517e-02 5.880700493461424490e-03 -1.613734305762957177e+00
-8.191200049505616976e-01 -1.779443163294187835e+00 9.061843138926590768e-01 1.310098519911750525e+00
2.739727124125046140e-02 -2.251557291093988222e-01 1.025854784168417577e+00 6.157773363798572097e-01
2.848921469000813556e+00 1.344702316527848662e+00 1.499544741348442511e-01 5.880274300364074502e-01
-1.129622113240932313e+00 6.753178690339883827e-01 -4.481088784240658263e-01 6.482024525485302613e-01
-5.530404518020337612e-01 -5.120828012373652705e-01 -1.328219312917415351e+00 -8.345709562771551626e-01
6.890952872036963939e-01 -1.223917133831714937e-01 6.690900510363330111e-01 -7.593099993829044436e-01
3.247613811654030680e-02 2.560898244771491861e+00 6.830053383821692581e-01 1.409520475198619893e+00
-1.824222162559779425e+00 1.011594281942346685e+00 -5.576459306377040681e-01 7.743073773928162984e-01
8.272767236512076905e-02 -5.253700926905108259e-01 1.734039870304913411e-01 -7.068727886837604668e-01
-1.478399735567465623e+00 2.682343268163527750e+00 -1.623221367044595798e-01 1.127350976892193213e+00
1.839998000234049913e-01 -3.100631787838552533e-01 -1.533242160491346429e+00 -2.476554499397528586e-01
-8.267380287259390448e-01 -1.386620790612364651e+00 1.490008370046159714e+00 7.722839305843663682e-02
-4.600033061412297369e-02 -7.077749508737314343e-01 9.778376996928731524e-01 1.209813359179393144e+00
-1.524890298993009929e-01 2.304796055362823726e+00 1.051840397688643680e+00 -6.560771008170315222e-01
-3.009422432844087170e-01 -2.700800710054075959e-01 5.479186996310559943e-01 -1.394670988103231535e+00
-5.247389958184234260e-01 -5.837162370062912720e-01 6.606783479233192535e-01 -1.481965357848808784e+00
-1.546681403562874868e+00 2.549162481803593838e+00 -5.104599311494167901e-01 1.341639739170661594e+00
9.108386744481156150e-01 1.428202118989468916e-01 -4.943828794346882827e-02 -1.797739253149942762e+00
1.626208326173280261e+00 5.877534670793789218e-01 -2.519179416613390177e-01 1.993499457547680265e-01
-8.034461409485307293e-01 -2.722438721666614048e-01 -8.584973388743885048e-01 -3.539236271495321273e-01
6.483403757598015238e-01 -2.226855616053800280e-01 1.678206454243645451e+00 1.254614889011014034e+00
-1.875560149897495199e+00 1.508611571792823902e+00 -7.445811015492873608e-01 6.915659256130984867e-01
-8.294039164911941597e-01 1.536688211251044045e+00 8.734640110666310742e-01 -2.107620789767445491e+00
1.788198135133110211e+00 -7.312581025047619754e-01 -1.274423821249391908e+00 6.751947329693269717e-01
-2.239676417946574905e+00 6.201183989553564757e-01 -1.203564792553246443e+00 -8.551793171315265341e-02
-3.909007321061356288e-01 -3.408798022412510287e-01 -4.489578608324611420e-01 -1.601113308381281852e+00
-3.260064246732666815e-01 -1.277791402949866706e+00 1.107104919862311965e+00 8.155826042167945156e-01
3.868096190109396315e-01 -2.935319628983523166e-01 -6.619438733062383839e-01 -1.603892729111182858e+00
-1.596537631480141828e+00 2.761877830350150664e-01 -1.326695317819839293e+00 3.067184844236386376e-01
-2.659940729468433518e-01 -1.558247165646446719e+00 1.372574144371753180e+00 1.821647755107250299e+00
-2.318021468363572701e+00 1.615384465970226113e+00 -5.935405658806149898e-01 6.307330206471313261e-01
-9.964441664558093548e-01 6.181808388416536459e-01 1.769653829876990103e-01 -1.976175079663784917e+00
7.703313431921066101e-02 -1.842506158788475568e-01 -2.480327380965732520e-01 -1.199728081733125284e+00
-3.091169782327716220e-01 -1.749071494503324775e+00 1.292764199737119979e+00 1.732706291750415017e+00
-1.235776689638415360e-01 2.387199317738033510e+00 3.821538029126330671e-01 3.921967802663857694e-01
9.943857958736732061e-02 -5.437038558945190836e-01 8.596882557481512199e-01 -6.556197664015364079e-01
-8.281121958705889297e-01 8.974385694624036347e-01 3.860911083301670765e-01 -1.149310676277356835e+00
7.059924438398512692e-01 1.935077726575075707e-01 1.464585606853077981e-01 -1.632740669787180743e-01
-5.719501447371309055e-01 -1.799589361182339087e-01 7.603891221788235955e-01 -8.639864532071854508e-02
2.078671695959106724e+00 3.727357318869219949e-01 -1.589137594568877376e-01 -7.376252725361197304e-02
-1.274263368655066619e+00 -7.800046426234303887e-01 -1.850635196598509502e+00 4.018522663772843839e-01
-2.626622170314680260e-01 8.390427859371142327e-01 8.767130291674576359e-01 -1.511537306786706170e+00
8.767419988437357148e-01 -3.927753166446863453e-01 -9.415375559696990138e-01 -6.187884294432038912e-01
3.244433653776829019e+00 6.740409690734937287e-02 -2.262826425927736140e-01 2.809677641467778902e-02
-2.626776812307176634e-01 -1.479293407302506580e-01 -1.529117101795664624e+00 -8.592957970712441496e-01
1.838102201309812056e+00 -6.193904355765114111e-01 -8.454778556263704559e-01 3.745273308770035170e-01
-1.094693787895605119e+00 2.998492301755157907e-01 -1.430922179735227839e+00 6.060746312863842800e-01
-6.205449233133434328e-01 1.123333857127778446e+00 -5.000248081882514156e-02 -3.696788508183735944e-01
-5.813622239066706943e-02 1.651561625065130490e-01 8.820371660651737944e-02 -1.300055421219579843e+00
-1.249867948365400855e-01 -2.578591443567031516e-01 -1.580055028436569309e+00 -5.109519453515181109e-01
1.899486540542831836e-01 -1.731792711001998650e-02 9.731483208889831760e-01 -1.785520605933393345e-01
-4.284150833605366304e-01 -1.673767768202169659e+00 9.647674081260791956e-01 8.206376881040763349e-01
1.871123742698940884e+00 -3.587415538549250660e-01 -6.452370123723616402e-01 1.904229052963922753e-01
1.140271897423435210e-01 -1.442145442766063212e-01 -9.014062788201714360e-01 -1.927803603088225626e-01
3.548151545379774618e-01 -3.339056814909681647e-01 -4.401105124352513442e-01 -1.077491399607371170e+00
-3.910522637356096953e-01 -9.347004925959393473e-01 -8.637183813545520339e-01 2.867040024165206646e-01
1.481315098304885058e-01 3.323389288961151600e+00 1.783536764270814867e+00 1.963297275125074348e+00
-4.849307737393552808e-01 -9.065776849091616851e-01 7.271071711344730959e-01 -6.977385683074603939e-01
-2.587087046870518714e-01 3.778021513234930406e-01 5.090456056445427646e-02 -1.308529902215754381e+00
9.142786483344484960e-01 8.569565423756082823e-02 1.123577587527172961e+00 7.077084510491225000e-01
-9.667358188039246736e-01 1.207930361273757081e+00 -3.398463600967847054e-01 2.841525857064096106e-01
8.280496600076679981e-01 1.390082925142767767e+00 2.570663140555755621e+00 -4.396133473131316749e-01
-2.376704939586407328e-01 -1.243935036560052110e+00 1.137725286882101283e+00 1.392842889055295914e-02
-2.328252547540763384e+00 8.988725056249029233e-02 -1.299410063130521875e+00 4.776328973550356127e-01
5.325702984574391952e-01 -7.530650630696301695e-01 -1.356024780326353874e+00 -5.636676956559993727e-03
-1.445737474156852387e-01 -5.833408692349756341e-01 -1.356490961494956071e+00 8.519558109340830132e-01
-9.816277988733582704e-01 -3.125066866450249004e-01 4.079996723507500755e-01 5.132230117321028295e-01
6.341347783358146639e-01 -6.934633960762743611e-03 3.078141923255799939e-01 -1.660690931181284524e+00
6.095426273914734683e-01 -3.173911514054602034e-01 -4.534417585808672158e-01 -1.304600911480315206e+00
-6.390796096101798718e-02 7.681264631965439849e-01 1.199132356669793120e+00 -3.210568278011611265e-01
2.906637857880375875e-01 -6.695325609519028331e-01 1.153704715191899988e+00 9.621163709040473355e-01
1.244202476644418409e+00 3.382572653449135158e-01 -5.522785703780939137e-01 2.199461762382088625e-01
-4.045001153963662111e-01 -1.150209389663413018e-01 2.427709560748357587e-01 -2.626714152732934959e+00
-1.108746758491870654e+00 4.250091678626981978e-02 8.145632588134846808e-01 1.520001222314467437e+00
-2.135509571801278650e+00 1.165819500353092453e+00 -1.032223110301327074e+00 7.874857179339784796e-01
1.687383121319216750e+00 2.418955158024743979e-01 -5.516415154896681106e-01 8.477148565834335958e-01
-4.216552133172293826e-02 1.188665413336695620e+00 -1.339483837634353469e-01 -1.662342727458349101e-01
2.867872001685004557e-01 -1.047555549057226143e+00 7.239111243109012106e-01 3.242659795163276709e-02
-7.665986778107773958e-01 -1.388265282840441150e+00 5.461252677645451747e-01 -2.641120611924510087e-01
-1.529549173574954013e+00 6.565326692110683426e-01 -1.046184625583278294e+00 7.718710901121279555e-01
2.452626272044464151e-01 -6.136445402544304928e-01 -1.370494378796064838e+00 -9.279708273472137003e-02
-1.112172889072359672e+00 1.101543083373455328e-01 -7.996972702178816172e-01 1.040507840232901993e+00
-8.994518326037289624e-01 -7.719620033877547804e-01 -1.936830194662492843e+00 1.197551881958172776e-01
-3.575045783501151070e-02 3.235018615768689543e+00 1.191371665647409234e-01 8.433346327617082805e-01
-7.196657092468432548e-01 -2.626519208552612894e-01 -1.258292646558474281e+00 -7.816927859363746733e-02
-1.281048571020914351e-01 -7.632950894094097105e-01 5.553325578991937794e-01 -1.366607659131065189e+00
-3.404903119718514781e-01 -4.155241257997473459e-01 5.108326559648938003e-01 -1.658898334132149932e+00
-1.823546293817505104e+00 1.979227036061793621e-01 -8.685899576020660318e-01 -5.037513157841179146e-01
2.188544437356136463e+00 8.623406402073217902e-02 -1.510055803544481934e-01 -8.805528280355424675e-01
3.749551931839101293e-01 -1.158384281637144103e-01 -7.895631735805522800e-01 2.669314513763003660e-01
8.955274524896773558e-01 -7.726813746446812292e-01 2.440560714933586173e-01 4.818796877597110173e-01
2.767203032750908953e+00 8.326864579771217079e-01 5.178578589801606513e-02 -4.307749087658784837e-01
-1.117506504535925149e+00 -7.661731599037819862e-01 5.806555427278040638e-01 7.323822263704836688e-01
9.270663142982878135e-02 -3.922018520448589118e-01 8.127964186129776891e-01 -5.980356866017919604e-01
1.061288773749213821e+00 -1.403946461015650182e-01 -2.133356396592699100e-01 -1.761381962943634472e+00
-1.327545902384542176e+00 1.272455060778155067e+00 -8.460522695408128069e-01 8.550491848430666897e-01
1.924379082462398249e-01 -2.264078750328316347e-01 -2.896391317231514773e-01 -1.877667196338743683e+00
-8.993018342518007691e-01 1.119862039795489705e+00 -5.126121172467505982e-01 -6.339202564319912359e-01
3.621658842291581304e-01 -6.005624102097210926e-02 -9.376092840846351750e-01 -5.251749395633413808e-01
-1.912986173606806284e-01 -1.923917601650724007e+00 9.065278425922295158e-01 6.064802370411940258e-01
1.914735642856692510e-01 -4.505010753892249031e-01 -6.061079059846674610e-01 -1.485770067161011676e+00
-2.097668632429580793e+00 1.308994788176686130e+00 -6.568475190207337944e-01 8.142522491740405988e-01
-5.079638442669996978e-01 -5.029884965924822371e-01 -1.440779502509174970e+00 -7.121499078992148402e-01
2.595741522028964798e-01 1.837048000570207673e+00 -4.287255472219798080e-01 5.753719468809418425e-01
9.781204571708718501e-03 -1.458429960608046555e-02 -1.263111972514893155e+00 2.203948288601524641e-02
-5.413836873546479245e-01 -4.709008250021354813e-01 -1.568296507570727805e+00 -6.824290069460619002e-01
5.212257093184178292e-01 1.695071664841491188e+00 5.715733648973200243e-01 -5.547982192491496267e-01
-5.403867502942425460e-01 -2.594353251705147079e-01 3.918926294907035257e-01 -1.571461909526075340e+00
9.296631936219906800e-02 2.493152893134729542e+00 2.581993389039530240e-01 6.953890715505200992e-01
-5.353002991710912317e-01 1.392361522428822718e-01 -3.237558575074582223e-01 -1.177600284980623524e+00
-4.943441340973022124e-01 -8.440199861279815696e-01 2.505406104099948128e-01 -8.821638442219121856e-01
-3.397868661377143051e-01 -5.773458578463029900e-01 -1.471608022474333755e+00 -1.689814625410012983e-01
1.495153574517990247e+00 -1.451287922953788945e-01 -3.077665474461780959e-01 -1.157192267239522510e+00
1.027131906049171040e+00 -3.330873245483572109e-01 -1.635072718877953468e+00 3.552670262151595981e-01
7.929050987204256939e-01 -2.446455171559164532e-01 4.884429397101593406e-01 4.599844047051104834e-01
-9.741823456793245739e-02 5.451649071779055555e-01 2.890747229694852760e-01 -1.301452758246041563e+00
-1.387731503715222414e-01 -1.575610266936461334e+00 1.455035112704257116e+00 1.506597928418119681e+00
1.425775074301091801e-02 -3.235747457893142220e-01 7.195385977186767867e-01 -3.381233066995803505e-01
-6.378794583214757452e-01 1.179597499349973461e-01 -8.207554946796512541e-01 -7.385819271335116731e-01
4.567480591066903628e-01 -5.061305707343940474e-01 -1.143043857166644139e+00 4.722515249926615977e-01
4.672772512467520678e-01 1.719625289864438328e-02 -1.163949154343948134e-01 9.628591414164523465e-01
-3.889065951377454478e-01 -5.735884164188619350e-01 -5.884937899963200714e-01 -3.441166689091395003e-01
-1.589637652725077732e-01 7.525068816393382098e-01 -5.708527006434137574e-01 1.570481039725728778e-01
-4.104755170327550884e-01 -3.048690021568464248e-01 -1.186751310489650990e+00 -1.394570581446465285e+00
-4.396761000502816437e-03 -3.040690874142299438e-01 7.954838444831421329e-01 -8.085084653727797610e-01
2.391938159160170163e-02 -2.615424197032141240e-01 -7.036271367807143129e-01 1.070217069078002847e+00
-1.838827233737951872e-01 -3.246660528165313392e-02 4.170568913368270514e-01 -1.258940951156500621e+00
4.839724095182047492e-01 -5.825683459685413457e-01 6.132808026136176149e-01 -7.081044613584377423e-01
1.698450406262062673e+00 7.338840233592264228e-01 -3.852723051366551688e-01 1.252101937202438231e+00
7.916840400971836278e-02 -6.107236023971403943e-02 1.402516614757723490e+00 6.224816360798610670e-01
5.395052689900411425e-01 -5.341039979440001528e-02 5.481569643513259926e-01 3.657183378750635261e-01
5.879015100280123862e-01 -1.936774446807734973e-01 8.466934556733615169e-01 4.909702100183034601e-02
-9.859810804819449936e-01 -1.360823623801077797e+00 4.688855115560071063e-01 1.863448292449206099e-03
2.086432358354191496e+00 9.685423251743460193e-01 2.548959499645030435e-01 -1.399470214739693442e-02
-9.163412790442240219e-01 -5.949443585552943725e-01 -1.664371730321962950e+00 -6.872761150898702986e-01
-6.803379725427598501e-01 -6.342932386577423420e-01 -1.790897337003125589e+00 -4.290577825063079942e-01
-6.059869787092871940e-01 -1.870212911609737683e+00 1.459774027498406124e+00 1.844817950691357344e+00
-3.337672623000709771e-01 -6.259182634507380882e-01 6.231904605005608166e-01 -1.465763808684566794e+00
-7.778131573980388014e-01 1.078187853369931615e+00 -9.458839150054252354e-01 8.128391282741901369e-01
2.024829351452064607e-01 1.091706362337293346e+00 3.698640000690731067e-01 -1.566972392328953356e+00
1.530651588941989993e-01 -1.996681406276452853e+00 1.100068349410393553e+00 1.633078482921536123e+00
-6.164528683906642659e-01 -4.758276106387485105e-01 -1.075177769251818294e+00 8.048243691701575386e-01
3.072177072935392550e-01 -6.289236311260244516e-01 -1.897998558682056247e+00 3.107862140797878481e-01
1.702570550890818504e-02 -1.142159518571622678e+00 -2.401441104423438222e-01 6.804349789343440147e-01
-1.016265502411824784e+00 4.022085002494839578e-01 -3.096575244989866471e-01 -1.482493122825390808e+00
2.134598651568193617e+00 1.277948327233645376e+00 -5.274850504595968853e-02 1.270117305430454868e+00
1.096297059325022638e-01 5.153700931688473541e-02 -2.599964643467199132e-01 -1.275413876832953264e+00
-5.424819083489488269e-01 -7.287618399150368464e-01 9.455041847359911822e-01 6.997231374904030465e-01
-6.805966145608041140e-01 1.621134417739924949e+00 -2.859106154152453172e-01 8.554742279737231891e-02
1.901151099696252400e+00 -7.482592181186950020e-01 -1.164867259998494164e+00 2.851990963033516069e-01
1.207313746436712965e+00 -8.802405505551802456e-01 -4.403258752422166689e-01 8.693228466148432698e-01
1.847926567665945319e+00 1.337692607768052655e+00 1.523063521929098607e-01 -1.158438397411673426e+00
9.424457999634702765e-02 -3.374846392232248027e-01 -1.492601612647443288e+00 -4.391533601458065816e-01
-2.819149665605499067e+00 -1.203132191810422302e+00 1.205861702195823781e+00 -1.128988740333139784e+00
-6.425845725604978353e-02 -4.232120976926725953e-01 -9.582403454523216180e-01 -1.470355589464735990e+00
1.394789344302619361e+00 -4.009089541279537428e-01 -7.060877353105514675e-01 -9.857106236793801435e-02
1.045189009052835738e+00 -3.305485110776924529e-01 1.448489406594169582e+00 1.714468622919042895e+00
4.362120951488924342e-02 -1.975052260302007534e+00 1.503478512054873484e+00 1.581068172279329609e-01
-2.686432041789172942e-01 -2.359871551728069394e-01 -1.439687674997848665e+00 2.382029448827570617e-01
1.405780491063324256e+00 -1.702150143878319311e-01 5.113060469950920783e-01 -1.717665806523265282e+00
-2.040605474350982274e+00 4.313515254216689354e-01 -1.145818127086854599e+00 3.641378283347389555e-01
-4.186548518137559460e-01 -3.729789322506419369e-01 -1.469000766877445407e+00 -9.718588217360640824e-01
-1.471214534139357433e+00 2.658449202570716263e+00 3.162255177395072864e-02 5.904626562163638459e-01
-6.325952143948911921e-01 1.768868567219290089e+00 1.006223851233668393e-01 1.114234180193487411e+00
-5.696980666775746105e-01 -4.503680489987887392e-01 -7.914965191729745886e-01 -1.529093351035355264e+00
1.768183660772670029e-01 -6.278475015739671816e-01 -1.190775685588693289e+00 -4.447267917406738658e-01
1.155391799393622909e+00 5.560401177841576281e-01 -2.567357686322818341e-02 -8.789128968542254672e-01
-6.980049221228635803e-01 -2.644024034594966155e-01 5.931347528765840149e-01 1.248963997062710218e+00
4.598649933180471439e-01 -1.686259786826983076e+00 -4.029131824348086144e-01 9.251431117228088308e-01
-1.067759445979933108e+00 -5.816144953116855199e-01 3.789966257252533333e-01 1.445237125837979031e+00
-1.037604345059075506e+00 -5.185012723021010794e-01 -1.084644317527266200e+00 -1.864630248133306717e-02
-4.278160537272816533e-01 -5.903345612995383185e-01 5.673970737733564640e-01 -1.849064960832309312e+00
-1.312132520333610719e+00 1.233675756104107180e+00 -5.850300452527865680e-01 2.456500150951659023e-01
-5.999099426755638564e-01 -3.137006204541895049e-01 1.494850008162043886e-01 1.821373002305148037e-01
-1.976293889243010415e-01 -3.709054184131704845e-01 2.560290857416788746e-01 -2.240537450760851090e+00
-2.575853598449617254e-01 -6.084822059930528049e-02 -7.503156558188828207e-01 -7.636533499541925396e-01
-2.951648534911025523e-01 1.149554650891318808e+00 2.842555454513934210e-01 -1.792805665296475892e+00
2.580937615867145291e-02 -1.098439962527632208e+00 1.366723893029018422e+00 1.942022205448332040e+00
-5.057653982591479164e-02 -9.670256963766907798e-01 1.642164440947523563e+00 1.999045758786393678e+00
-2.423710848353601011e-01 -1.456685092077000698e+00 1.179157477529236830e+00 6.110920460976798640e-01
1.759310474094177013e-01 -8.892158381905753695e-01 1.277233988215698002e+00 1.469487521967269172e+00
-1.357079971332901536e-01 8.926241126267826786e-02 3.950449718297189272e-01 -2.197379764919496825e+00
-2.840966704856939806e-01 -1.270435432475889082e+00 6.724470050063456883e-01 4.364348656093108847e-01
2.531123730249533743e-01 -6.452395834639730321e-01 4.945313285403124537e-01 -1.492775719468905748e+00
-3.613953796429000831e-02 -6.328842713057852842e-01 8.674750759155510638e-01 -6.693527973503553552e-01
-1.006015060129624716e+00 -1.042807202457628618e-01 -1.253365851253325669e+00 3.309158255163285878e-01
9.023022612306176304e-01 5.106032625502078259e-01 -2.625202976038483182e-01 -3.447902025987810148e-01
1.063161825599400423e+00 -9.062202156902215977e-01 1.265115313557664711e+00 1.453853794332242710e+00
-3.925556642734219781e-01 -1.008649613467904604e-01 -8.881246110757652357e-01 3.634571322151564088e-01
1.323621007333772304e-01 1.987471114810668515e+00 1.500726380650857728e+00 1.177242341660069247e+00
-6.020632776611580805e-01 -7.871357938974755664e-01 8.457833166742525499e-01 -6.123926447810310592e-01
8.238901846808949214e-01 -2.361129468680072119e-01 -5.947219229085823899e-01 -1.386955061492850305e+00
2.490453970662895866e+00 -3.906776313976983994e-01 -1.089129614837040849e+00 -4.108439884414061272e-01
-3.456496375863674086e-01 6.664690840176028530e-01 1.368097414073992546e+00 7.265830455948818489e-01
1.297863686119824722e+00 -4.133912289146747243e-01 -7.953737282735590108e-01 -9.700611844584525745e-01
1.301726756992992229e+00 -6.816225730720751885e-01 1.346456293507667823e+00 1.525393205684161479e+00
4.141678902641141580e-01 -4.457987325811157420e-01 -6.307733514357294347e-01 -4.368611172894882322e-01
7.402204556180280726e-01 -6.383431206850954664e-01 -1.743505305116997306e+00 5.571753957029349502e-01
-9.516715313878106042e-02 -7.265922677252133477e-01 -1.016811819085287061e+00 -6.396058994292682653e-01
-2.413741477749546671e-01 5.901914339167406709e-01 1.485618073265648764e+00 1.226620664224019608e+00
-4.384091178291165125e-01 -1.037051357041338662e+00 9.869759872109536980e-01 -4.421220547187794669e-01
1.481948112133290696e+00 2.763056706463055789e+00 3.557206266311022658e-01 8.661493596005930273e-01
-2.852945764244493865e-01 -5.454735515120083533e-02 2.512108306617617526e-01 -2.508756259830806190e+00
2.153657554312480737e+00 -2.415618224044631945e-01 -3.721612990573194835e-01 -4.907889092419192023e-01
1.456261595292478672e+00 -5.331803434786374085e-01 -1.188204479299784788e+00 1.588869915411411926e-01
-8.158254733914488410e-01 -4.779215321714519460e-01 -1.717200846070429110e+00 -6.960195851216088858e-01
-7.066587405924549259e-01 -1.474591506433518440e+00 7.681093147428870171e-01 8.017153440253766972e-01
6.854516940592555452e-01 -2.384561517434927447e-01 -1.758311307246584132e+00 -6.330591009004797598e-02
-5.033822357278494586e-01 -2.233515090289892036e-01 -1.674496072440662342e+00 1.984058313784647087e-01
-1.662734567708157529e+00 3.435242071147575627e-01 -1.217970265665704321e+00 7.314150330532591671e-01
-1.811572359957748013e+00 6.935876490951587980e-01 -6.655835810836630007e-01 1.244599955027148042e+00
-1.432082837921511809e+00 -1.545059296139864313e-01 -1.557229115555281540e+00 -1.377699803345613927e-01
-1.717688122260711547e-01 -9.717860422038301360e-01 6.224743091893327751e-01 1.543578880579665080e+00
2.285583032382175972e+00 -5.389212205150055723e-01 -9.022735827592105462e-01 5.685623329332861742e-01
-6.226908547587870491e-01 -8.293418349704926307e-01 -8.553065085977360482e-01 5.832710460051856449e-01
3.300363818123238091e-01 6.748880528626891584e-01 1.666600443156032840e+00 1.372979614565674300e+00
1.384010666001859402e+00 2.358151517376369521e-01 -2.866729946625884429e-01 -7.700281778769081376e-01
6.435851125865850175e-01 -2.946327656884973334e-01 -2.888446897971818084e-01 -1.529311805148557246e+00
3.014501600662343073e+00 1.597268287270914300e+00 -1.676373739058262813e-01 2.769811364091396277e-01
-6.740249869986729703e-01 -5.673417380016936296e-01 7.133284894604042803e-01 8.080716026852823308e-01
-5.573968875815723534e-01 -7.617105656956006943e-01 -1.424252633649492727e+00 -2.183430727684226580e-01
-5.707913373757983466e-01 -1.224027078946993585e+00 9.278567337405002613e-01 1.025839714264001890e+00
-1.398729265473339922e-01 -5.096933834751533887e-02 2.564135131997995892e-02 -2.248967564482668990e+00
-1.311397335654271412e+00 1.538527580240966808e+00 2.639368447340813967e-02 1.304692211682174197e+00
7.281925065807219877e-01 -7.863092375824123903e-02 -2.192831393116485561e-01 -7.770608882534683071e-01
1.926456235457921495e-01 -2.020575845401571813e-01 1.334356461497627176e-02 -1.926676521123138919e+00
1.152165871052710733e+00 -8.590553527510036425e-02 -6.474647747836008715e-01 -1.278797594429732509e+00
1.250270313012865842e+00 3.445807357952894723e+00 5.511059249769104662e-01 1.175599757726922157e+00
6.689163033080953724e-01 -4.679039047744656399e-01 -1.310964587324149333e+00 5.434367939752730026e-01
1.128530529104999847e+00 -7.389223629976944263e-01 -1.627503721352651533e+00 6.268467392161553020e-01
-6.036963058635017587e-01 -2.809081933640548145e-01 -1.615270798197067370e-01 -5.148894248928135298e-01
2.146994893872047783e+00 3.312750526089187630e-01 -1.252873375295373570e+00 4.315988990231884870e-01
-8.181171538196216897e-01 -5.019523878689843288e-01 4.949922931619953892e-01 -8.520462242325801405e-01
1.793524576854615138e-01 3.616829994235803980e-01 6.373982137614881971e-01 -1.761918614638847025e+00
1.481226507912215773e+00 1.984517563774487736e-01 1.164364359309088409e-02 -9.646499686379907956e-01
6.983282903143044340e-01 -1.495146237436858483e+00 8.652109249087276410e-01 1.070668567439471808e+00
-3.840607371655255786e-01 2.322318236309933059e+00 -1.949692382298136850e-01 1.063494200115188804e+00
1.261411337460149606e-01 -1.069390361107800169e+00 1.765701093476719885e+00 1.251012717301033028e+00
1.674179060788273166e+00 -5.313238704982434779e-01 -9.914048605745596765e-01 9.416143853980597778e-02
-7.970494714999221131e-02 -2.908249532182142771e-01 -1.555482123679638562e+00 -7.477623053916541140e-01
-6.827446925948120748e-01 -1.900761764866188142e-01 7.286895237000255987e-01 -1.580331915820105682e+00
-1.435225355963921645e+00 5.212295243660586275e-01 -4.512255743591319646e-01 4.768484786388993424e-01
2.658196812207015203e+00 -8.143610365263542761e-02 -5.726309069786720274e-01 -4.053305090378971909e-01
-6.936947037093543766e-01 -5.907047016899031888e-01 6.301470014887643467e-01 -9.001014868213093045e-01
-8.779282081082209199e-01 -4.121197625912477180e-01 7.977764956487447545e-01 7.709948861826730893e-01
-3.549272809775288473e-01 8.911398681500127816e-01 3.912494674253965687e-01 -1.067226045850751426e+00
-7.141685587810149283e-01 -1.774010322523367766e-01 5.138344606348814736e-01 -1.843497100016284973e+00
-4.571703456898314477e-01 -6.430939317693804558e-01 -1.626811235351838469e+00 -2.729313999265280399e-01
-3.067611191873164667e-01 -2.288523238225724510e-01 -1.270255927493640025e+00 5.893395533790218854e-02
3.489437737552578245e+00 2.333100859544784633e+00 2.561634436330664233e-01 8.851693249466373592e-01
4.286476377133247584e-01 -6.439651061691183953e-01 5.452064345205706042e-01 -1.104756780829068141e+00
4.754139609119743537e-01 -5.131793908924158105e-03 3.982037911395328034e-02 -2.543361274815796325e+00
6.010723641481026114e-01 -8.297675528751263796e-01 4.399136157736998620e-01 1.005275846689701776e-02
2.475842941606258840e-01 -5.990728185731000188e-01 3.060862641722157385e-01 -8.284338149184090616e-01
1.268963824572418297e-01 6.958398975421002941e-01 -6.199445276204761102e-02 -1.267299506897703543e+00
4.398587440899849321e-01 -1.474752760681089070e+00 1.405638569650659697e+00 4.928148613534102385e-01
-3.513421276115553105e-01 3.112497298387527089e-01 1.380559123102395591e-01 -1.789728207898472201e+00
-7.236644970867961435e-01 -6.867870135171146029e-02 -6.022192949416503571e-02 2.481526211716046648e-01
8.557289995789736370e-01 -5.719961980002933322e-01 -1.843198012307561306e+00 5.555943556122444615e-01
2.338128333218048305e-01 1.648132125769898204e+00 7.392331828869539434e-01 -7.425236510777351029e-01
-2.068983199940523487e+00 1.665749152316979176e+00 -7.968027228418710362e-01 7.637388141020255983e-01
-1.663799440109374750e-01 -1.737455835840152618e+00 8.934963994561524459e-01 1.218905400801596040e+00
2.428632668846149034e-01 -3.511761954095820037e-01 -1.397244152823557961e+00 -6.948025025819967171e-01
-1.841410641929673186e+00 2.007768742309324228e+00 -1.008961940437667210e-01 3.691000659079701762e-01
3.879944482826241381e-01 1.622847621502340187e-01 -1.078152218858691835e+00 7.019344714159059251e-01
2.549885385431106766e+00 2.698537443434846583e+00 1.930331639102606800e-01 -1.566732246000848983e-01
-3.614249388500482829e-01 -6.061840639804844111e-01 -1.322612754896622667e+00 -9.081917167149059500e-01
-7.221736694248610533e-01 -8.666065373783294890e-01 -1.765765795205362476e+00 4.552837284623190151e-01
-1.033685890204092128e-01 -1.154669770301192333e+00 -7.966967802873615723e-01 1.140833322793075588e+00
5.116960389066247394e-01 -5.673088264112272627e-01 1.988381825139980741e+00 8.889948583607059085e-01
-7.833723837005148738e-01 -6.191864840813346982e-01 -2.040777229126058412e+00 4.432100660706637940e-02
-6.251161624540559764e-03 -1.217238592949035692e+00 1.119555757085164416e+00 1.208882508562239888e+00
5.675363424303979665e-01 -6.782118115492917765e-01 -1.846011385124191717e+00 5.704317271478996920e-01
2.174545350513629849e+00 1.293573222649018195e-01 -6.710614642804435537e-01 -7.012791961749850200e-01
-7.080177394349239373e-02 -5.026715471915515349e-02 1.435760014248011140e+00 1.137488468010606102e+00
-6.546604801355041525e-01 -7.118429405486981221e-01 9.786318871531394237e-01 1.303947318968305291e+00
1.792769405000807392e+00 4.082564127333788151e-01 -3.199074030313563965e-01 -2.901628799887743804e-01
-6.316403767551057591e-01 -3.424601440502993976e-01 -1.042038870343721113e+00 1.364166641772803987e-02
-7.047830166520874240e-02 -3.676750614226401148e-02 1.075616144916868577e-01 -9.717691587242094364e-01
-5.534460256169142500e-01 -5.471513763601486557e-01 -8.409560000772093868e-01 -1.746653486870601402e+00
-8.280435050365283489e-01 -1.236074812010035773e+00 8.409145395494758146e-01 4.882913889328639456e-01
-1.151176129681340393e-01 -5.087644179907445663e-01 4.306624303052172253e-01 -1.055231628451326120e+00
1.860999204407232099e+00 6.425654418628892195e-01 -3.864906869244651433e-01 4.652204062671995155e-01
-1.444642045724539914e+00 -5.171700883786920500e-01 -1.031146550732203959e+00 1.786574203798975136e-01
-2.384605316228337824e+00 2.099868169062569123e+00 -2.961101521492953137e-01 9.383440006545261669e-01
-9.898697351861656113e-01 -5.742399571805707481e-01 -1.586948504341283650e+00 -1.819536842649711050e-01
-5.428018814688327920e-01 -5.477042241695061486e-01 -1.150792083369030605e+00 -1.291095486638511813e+00
-1.131158457342018586e+00 -1.350267325251872652e+00 4.196299849130358250e-01 5.419995330337694650e-01
-1.720002571666900737e+00 1.238869430902544533e+00 -2.904280178145972058e-01 -4.149488566231755993e-01
-1.006648610411629452e+00 -2.632654271931719747e-01 -7.830749767194299382e-01 -4.239119745064395817e-01
7.023207260044239675e-01 -2.308281483648351728e-01 -1.526531051674058448e+00 -3.488215895548589796e-01
4.083255333107877472e-01 -2.425789452803476798e-01 -1.495235502321285992e+00 -2.664487979920260319e-02
-1.410149784513293536e+00 -3.172090503626578406e-01 -3.982416162301556928e-01 6.786449019994480469e-01
-3.558580461598421785e-01 2.271203026354907950e-01 1.019332997834448307e+00 1.220015842717641519e+00
4.457436681329370209e+00 4.307072985274744248e+00 8.264811600315465911e-01 -2.139371172539461796e-01
-1.716565105978095640e-01 -1.200579640782618807e+00 1.422117683780006470e+00 1.109041153211044684e+00
3.683469421923946663e-01 -1.105009567630417910e+00 1.527608561666012221e+00 1.237882391567994178e+00
-1.775541203027041215e-01 -7.958071406948669102e-01 5.168148901857846367e-01 -6.055546463887943043e-01
-1.678147774527369407e+00 9.916679239483413566e-01 2.824964068378825466e-02 3.368452564067843102e-01
4.056517601181531263e-01 -7.033928165131450028e-01 6.715764354241131606e-01 1.428562988935219380e+00
-3.904705382346595477e-01 -4.328856379659529185e-01 -1.328673498390277041e-01 -5.388175116747566662e-01
-1.502700158748258297e-01 -1.835682962981004529e-01 8.786962500377434315e-01 -2.989827492732173853e-01
2.149079450407721303e+00 3.591102707053067666e-01 -1.056907640680142979e+00 -1.789132931051001449e-02
1.300715231891934831e+00 2.007947103386486798e-01 -2.007412625742327206e-01 -1.914784499944352181e+00
-9.855388832376802410e-01 1.496470331339333715e+00 -2.358915008128398827e-01 9.336247551489246232e-01
6.427427299028157792e-01 1.684924022025496404e+00 1.119079312466525478e+00 -7.292275283553201204e-01
-1.794655588514528499e-01 -9.234611217231301072e-01 1.091861915298111052e+00 8.151082921895873579e-01
1.065960944037877972e-01 7.391127425195581635e-01 6.266282497423489861e-01 1.032641369956167399e+00
-3.694978422653922290e-01 -3.599848341402653307e-01 8.686572387515791860e-01 -8.224651233008691831e-01
-2.121860192904607700e-01 -6.784354598158911509e-01 7.503231799390510659e-01 -1.665304597164051437e+00
-5.378451456260726626e-01 -9.156831134207081835e-01 7.864900510736340111e-01 -8.038746384761047414e-01
-6.314663389951950812e-02 -1.167094962087930510e+00 1.111025642598175267e+00 1.453048949427015124e+00
3.363398391316606006e-01 -6.993031645715180877e-01 -1.056153913266715039e+00 -4.675722905007868024e-01
3.179551623322768861e-01 -3.566782856841172467e-01 -1.430223586557533455e+00 -4.990952057720707824e-01
-1.185458736898595156e+00 -5.736109150664742140e-01 -1.845074442404326165e+00 -4.618675476903336130e-01
1.265059223781719311e-01 -7.436362896819905810e-01 1.090751935899943126e+00 -8.112548593423971610e-01
2.280181174922289444e-01 -6.519126070714893473e-01 7.794398242956340761e-01 -8.529789317760143597e-01
-6.482967212006799373e-01 -1.003979515984621207e+00 6.928195292193923827e-01 -1.141374438627492660e+00
-1.353613460599498719e+00 -5.367195731156678695e-01 -7.241046705073581613e-01 1.350745044552014384e+00
5.170665844550837997e-01 -7.482155590329938599e-01 1.093137636691083880e+00 4.479520529545159557e-01
-3.646409885027711018e-01 -4.092274318016416723e-01 -6.520188626551908229e-01 -5.397324457809298259e-01
-1.155427251197434085e-01 -2.267890974708121898e-01 -9.369598876095952544e-01 -1.044166204742773107e+00
5.090753609250114886e-01 -1.867618287780920816e-01 -9.775365645619485955e-01 -8.345489384369659813e-01
-1.929052611226982350e+00 1.315133489812934764e+00 -9.554528433155352607e-01 6.516600492837754111e-01
-5.968622249934262269e-01 1.046335957569990205e+00 -1.673747016835065438e-01 -6.442277889427081572e-01
-1.090814278290290068e-01 -1.035638542337001589e+00 7.624971584766200294e-01 -1.211721703307001574e+00
-3.403157154672926676e-01 -4.243832401208917360e-01 -1.379965592276074959e+00 -7.560123635830093836e-01
2.345982218887929516e-01 -8.868081483436806023e-01 7.305929695723000217e-01 5.999557939152653230e-01
-8.239977550957381380e-01 -2.735122856996131113e-01 -1.110779387237280869e+00 -1.054783313392053001e+00
-1.740244638981536696e+00 2.786229644398941385e+00 1.150415406688037212e+00 -2.481639824655672566e-01
-1.177977393864460653e+00 8.845316222472389134e-01 -7.490355236870512856e-01 -1.823945716191200661e-01
3.005619104798749497e+00 1.501697712290142039e+00 -5.781000111086858073e-01 7.188409893789750038e-01
-5.219124643742779623e-01 -1.160338342204248807e+00 1.315693256050180171e+00 1.733263369634718831e+00
1.012221789496764890e+00 -9.056380945475396294e-01 -1.311058485168698606e+00 4.150993131908440326e-01
8.412063203584752014e-01 -3.574536108267410972e-01 1.626086279944811253e+00 2.042994428904663984e+00
2.321437292892004900e-01 -6.638813021345554288e-01 -8.828537781396392781e-01 -7.655047054563619557e-01
-2.211280720347340023e-01 -7.598360687056884277e-01 1.761094585670232471e+00 2.094687012165121764e+00
1.864128065133958401e-01 -7.717328350068712872e-01 -1.920169816130434359e+00 6.070359885495827390e-01
-1.327755271626989697e-01 2.519901192364777831e+00 2.064410239778502465e+00 1.586695647724041702e+00
-4.233913651929814836e-01 -4.454050480669484724e-01 9.808805157520563700e-01 -9.192555487723609309e-01
2.050437134684431673e+00 -1.974623403129681931e-01 -1.073356049281281255e+00 9.012349205795908702e-01
1.143541491512002573e+00 -2.741021196174572502e-02 -1.377436542472026959e+00 -8.663102638102809783e-02
-1.133692603903667384e-01 4.036093547062054032e-01 -7.959688387318766267e-01 -7.034334959361424611e-01
-9.642881821453592739e-01 -2.665534707207542486e-01 4.867597763151156887e-01 1.371896230718295140e+00
-1.357670283188109339e-01 1.535502223060924543e+00 7.629671990417236094e-01 -2.247056980327202524e-01
-3.500564636307988003e-02 -2.566079602713652874e-01 8.008825888461698073e-01 -9.387409394269818907e-01
1.520359956447256744e+00 2.687496713038167950e+00 2.111829089987593833e-01 -9.120581025071567982e-01
-1.012152288259010824e+00 -6.199782441096679531e-01 -1.850694571929299315e+00 -1.907763992889395521e-02
-1.466740167412566853e+00 7.070204290149271209e-01 -1.504896935517845702e-01 4.973425781768845422e-01
-1.920078569870872776e-02 7.617041447794283826e-01 1.376907610478508071e+00 9.965817185051870641e-01
-4.352375113212625379e-01 -1.774583789962316471e+00 1.314355275381778876e+00 1.511025371222419311e+00
3.575756674317854267e-01 -7.403452142734567865e-01 -1.013821422961001417e+00 -3.739511076406171752e-01
6.122261697524724600e-01 7.461421062317291630e-01 1.882845228249266700e+00 1.668191897794749190e+00
8.494281486379230695e-02 7.229793721434593090e-01 1.535801169808410860e+00 1.150592869063198492e-01
-2.131510783961325650e+00 1.010471105961732174e+00 -8.151042355169639819e-01 3.062494779000914935e-01
5.899016486827969308e-01 -2.939833158791689272e-01 -1.491263971266646671e+00 -3.637799265739630750e-01
2.953537751457246396e-01 -5.172401533538353857e-02 -3.256067138010330098e-01 -2.212436320075107155e+00
2.053083275831749099e-01 -5.615740967748572565e-01 -1.266430799040348498e+00 -7.260831493237124290e-02
-6.653338115104139028e-02 3.347088146078857629e-01 1.415683772935606211e+00 -1.655514544247883302e-01
-7.634132279970796686e-01 -4.552583684258889596e-01 -2.096669227916593825e-01 -2.202380666350650440e+00
-6.423600569198344157e-02 -2.421693277090423424e-01 1.547747825650955589e+00 1.794037914060425454e+00
2.719468915523668429e-01 -4.369700207075812859e-01 -1.571918911680322273e+00 -2.649885303970888617e-01
-4.312569913880719419e-01 -1.519461839029543571e+00 1.259558885280439133e+00 6.277688357522694940e-01
-1.165510971256930040e+00 5.750034249308336731e-01 -2.606274544692149253e-01 -2.597803827292149981e-01
-3.003470579905432453e-02 -3.528974255900165780e-01 -1.534910607286544382e+00 -4.552964161321966241e-01
6.805724544444629043e-01 -6.691145976414787644e-02 -9.872678910050382284e-02 1.692459874373605233e-01
9.824974081425419392e-01 -7.846706627495721176e-02 -2.395040443764280547e-01 -2.005243337347957677e+00
-5.122730550981215991e-01 -2.311362920171234347e-01 -1.319054391322380448e+00 1.977100145734510261e-01
-6.438965105407452871e-02 -9.800444439765101934e-02 3.281706851993134166e-01 -2.233811531133432560e+00
-8.286466526151925471e-01 1.225947512468336775e+00 -3.754725340226238717e-01 -6.916539514349485662e-01
-1.529376920794643935e+00 -9.452390598689593970e-01 1.477161669010740308e+00 2.634526326264150509e-01
-6.715009493103871741e-01 -5.758100951420030977e-01 -2.042676052204721593e+00 3.090322145697801393e-01
-1.069407850765666579e+00 -1.175432592885422123e+00 1.144389743653768665e+00 1.278120392426435492e+00
-5.053075504383894856e-01 3.561185987681115273e-01 -8.231766510254635572e-01 8.612996709924421179e-02
-6.980946845711990534e-01 2.225337857596251467e+00 -7.717263218831105220e-02 -3.497288306807250780e-01
1.925289969990067851e+00 5.015371021243638650e-01 -1.879401745161453641e-01 -7.113311963969837226e-02
-1.255408873711625350e+00 1.073935358056925304e+00 -2.468738164614543429e-01 8.801819585185084727e-02
-1.679932684822626143e+00 7.217969803914341398e-01 -1.136769496318266848e+00 6.442291608575296813e-01
-9.673122435453587187e-01 6.660273494177356701e-01 1.134916593872239005e-01 -5.050734472961988519e-01
-6.497806272096930957e-01 -1.003052552136255021e-01 -6.244844860422591459e-01 -8.931576436310547651e-01
-1.160002474537261463e+00 9.458767359240218831e-01 -1.010474774851975788e+00 1.056863646916059496e+00
4.164593078447076380e-01 -6.755016863501071001e-01 -1.280295617355013293e+00 3.486184343035860778e-01
2.074612244894703250e-01 -9.645101133869714571e-01 5.209391006624553011e-01 4.078323648276934166e-01
-8.643950754889224986e-03 -1.182697666820305832e-01 6.213400707274422397e-01 -1.050135294273087494e+00
3.180472135514068183e-02 -1.038429584554183688e-01 -1.393553891193060723e+00 -9.106647446084399355e-01
-2.781345645560254209e-01 -2.383567687768559928e-01 -1.049066364852218491e+00 -1.553637141517045572e+00
-4.505084299842061490e-01 7.367511684934597953e-03 -5.385305518212830656e-01 -1.755924191328555928e+00
-3.409983087268043112e-01 -7.096569752922128327e-01 -1.870796005346339275e+00 3.389425220035963138e-01
2.218843228287018743e+00 2.156847377008358491e-01 -5.586316883616690987e-01 -6.521796778283693863e-01
-1.415712340218440835e+00 1.647404641617736143e+00 -5.371974484121967430e-01 1.100675435039900618e+00
-9.871065062007047253e-01 1.609623473971959262e+00 -7.197841821514761040e-01 2.126821459020712402e-01
-9.693654447487590198e-02 -3.911290680166101819e-01 9.393118824736866601e-02 -2.955962462870167506e-01
1.092582179920217555e+00 -6.505698810909409380e-01 8.363489158993323569e-01 1.645017988358079997e+00
6.671441411204352967e-01 -7.143169554050966541e-01 -1.793501878299177843e+00 5.381206793079174044e-01
6.850800275821065100e-01 1.673931260915543784e-01 1.864980548364985502e+00 1.720564646624423766e+00
1.097878416074066221e-01 -7.581566993919078845e-01 1.130185383268886401e+00 3.433041765625114983e-01
1.496515475442272258e+00 1.900037127055623654e-03 -1.526561587558464606e+00 1.760859150433658968e-02
7.573679176846039376e-03 -4.970046927085680633e-01 -7.144297996427386721e-01 7.142124679859600533e-01
-8.156373621405202945e-01 1.005577859201299606e+00 7.719255368965600717e-01 -1.048225180317883254e+00
-4.377670688087139106e-01 -3.184846985908455497e-01 -1.299332960022396177e+00 -1.013567508209067158e+00
4.937454767884419393e-01 -5.745990155233198227e-01 -1.327888931612519752e+00 1.816494591689745419e-01
-4.375296298287342234e-01 -3.124278995593343100e-01 -9.864211497737538359e-01 -1.621298892881435805e+00
1.914020697440960150e-01 2.770357896823789634e-01 -7.943589190484574569e-01 8.357268057884004175e-01
3.153457975550144621e-02 -4.945832025759632211e-01 1.120199640136630981e+00 1.095556154558332551e+00
9.525797462016640793e-01 -7.585838391441603878e-01 -5.735980462953392811e-01 5.913932415583340596e-01
2.561501846582998176e+00 2.141087531526359555e+00 1.091837246727088845e-01 2.045153841181786003e-01
-7.469313705362397027e-01 -5.584521794138916917e-01 -1.635224889368578127e+00 -7.351020472828944108e-01
8.113798665276189537e-01 -8.858847837725297714e-01 6.944506543780937236e-01 5.131352056465292577e-01
1.039643100361044681e+00 -4.118821885817953721e-01 3.286335835187156884e-02 -4.988983715862834734e-01
-8.992790541282603689e-01 -1.008812394110712718e-01 -3.603063847041144963e-02 -1.820334066862119071e+00
2.341109462846759914e-01 4.795170735119407279e-01 2.788061412079166912e-01 -1.345893381191188620e+00
9.730738843448616393e-01 6.745913885389688280e-01 4.044246836838865100e-01 3.793386268711066989e-01
1.495317065712323146e+00 1.276430758654175379e-01 6.276564184168782479e-01 7.745715914750860298e-01
2.441369605420722899e-01 -4.497042552561312800e-01 2.161931412458742083e-02 7.817714252169372102e-01
4.193052023938625417e-01 -4.617601012144091910e-01 -9.143920877734414976e-01 -1.147117248426706704e+00
7.268704270647060595e-01 4.370748802770900165e-01 1.071344345634134498e+00 1.612883613789976911e+00
-7.086819660262890785e-01 -3.006083911094831196e-02 -1.043543441225938562e+00 -3.184725169683578772e-01
-8.121696140266400077e-01 -6.550978384705311575e-01 -1.690821913394669807e+00 3.157219241347188898e-01
1.956408319673248908e+00 -2.842356722535299696e-01 -9.451018570770203242e-01 -2.161479206290829735e-01
2.707528425215316448e-01 -2.903506975047156491e-01 -1.775255675018652113e+00 -3.978110014679139272e-01
2.537705378535111689e-01 -4.158130176354833396e-01 1.077973512068737927e+00 1.161393826774192561e+00
1.292533594881672743e+00 1.859130119054154817e-01 -6.222434375498557824e-01 1.353953431691591103e+00
6.349793482024064240e-01 1.501847219692573843e+00 -2.417331110028712871e-01 6.735760198664564324e-01
-4.223370655105017635e-01 -2.833352520144483133e-01 -1.183236974404328956e+00 -1.491481101545546029e+00
-3.995312235083549046e-01 1.612414587287466228e+00 -3.570130515929135218e-01 5.720651868820341157e-01
-3.882401920433361520e-01 -3.584807461155030128e-01 6.507040006857649495e-01 -1.301252837546819308e+00
1.466980012804283362e+00 1.463860052254087440e+00 -1.187821587486904140e-01 6.559910786049720777e-01
-6.603265867620274898e-01 -8.214747943644221673e-01 5.850363866397956247e-01 -1.512501535996002788e+00
-1.190506149835165450e+00 6.148749314908011909e-01 -1.000547916002335835e+00 2.641294752518908440e-01
-5.980587282002972627e-01 -4.178854228540907489e-01 4.554688465051944801e-01 -1.796657623174564344e+00
1.946805697648420486e-01 -4.157141891797901390e-01 -5.055390089391746944e-01 -1.778333669861570376e+00
-6.807370593312648266e-01 -9.869246281064385506e-01 6.739848072909170318e-01 1.138593466054310221e+00
2.033009484057390903e+00 -5.453950771549676002e-01 -1.354619562957140033e+00 5.784159807453828073e-01
-6.578681585264991583e-01 -1.348078257682489678e+00 7.117311044159914113e-01 9.027279665939400566e-01
1.408257015075981000e+00 -1.541876697217217096e-01 -3.046459865923609178e-01 -1.827966941666902878e+00
5.613578091414310745e-01 -1.504367910834224741e-02 5.333628201489327703e-01 -1.420267249026582190e+00
-5.489508092118152716e-01 -5.745201950697635951e-01 -1.002770511777675067e+00 -8.980111630052666216e-01
2.299557094796415013e-01 1.786797313534381759e-01 1.432253187323046850e+00 8.651322829652642321e-01
2.987276295246307001e+00 4.455467653454152355e-02 4.414673602593619517e-01 -1.620777991882650648e-01
1.503710485036870680e-02 -8.494282855708488178e-01 1.739469414037269512e+00 1.404651828098911315e+00
-1.610017650901706343e+00 -2.529462701951142312e-01 -7.248663821092962145e-01 1.219319353569959796e+00
2.818693581811799742e-01 -5.832834970121106855e-01 1.217819112432942052e+00 9.979411891816637459e-01
1.097794171328999369e+00 6.928164540570385110e-01 1.737711842699319664e+00 2.090888946652556868e+00
-8.061363861067645242e-01 -7.795789695907047179e-01 5.677183070002429499e-01 -1.376338102465232360e+00
-8.282094256337126925e-01 -1.069240401640824789e+00 1.147747665956731167e+00 1.292600349537694759e+00
4.468044142970860055e-01 9.338137678567568489e-01 1.840013648353414855e+00 1.210984101995790541e+00
-1.385672552052791717e+00 -3.658338824541720880e-01 -1.699708332004759459e+00 7.498442861748799704e-01
1.922787432181085832e+00 -2.817823836202051901e-01 -1.287243898000054232e+00 6.940127591555707021e-01
-2.561587265620233755e-01 -7.892118325441920268e-01 4.508217901416127216e-01 -1.627200942629357661e+00
-5.109368686213959787e-01 -8.187174672250982499e-02 -8.885957898165973423e-02 1.623043041660745534e-01
-1.093133797329188361e+00 8.578926483020805627e-01 -2.558586313174986485e-02 -8.809063282126200489e-01
-1.036300004157938298e-01 3.243815934333874312e-03 1.249577221016731743e+00 1.325523561337653256e+00
-1.315219332350871240e-01 -1.057077546396461676e+00 8.497926517032607929e-01 2.781685874756810728e-01
3.910686281498824690e-01 1.542979267104943597e+00 5.763145012957968105e-02 1.496849733343633693e+00
-8.680289705736124808e-03 -2.532665326210921664e-01 -1.362631840498388369e+00 -1.049509559644993262e+00
-1.618889227658302676e+00 2.141817758853641340e+00 -6.264875719169098467e-01 3.793243348270471937e-01
-4.728078286425141386e-01 -4.159088537402267360e-01 8.025536500620391589e-01 -4.331171500870257263e-01
7.595081546445316134e-02 -7.418930591059477164e-01 3.127419224217551919e-01 -8.518512213825929491e-01
2.346496873839007513e+00 -4.346744526668355757e-01 -8.543042764912431863e-01 -5.172123822012869576e-01
1.057749964943360155e+00 -1.008613915659696270e+00 5.112152449423911227e-01 9.178320711225373962e-01
8.637189854114442067e-01 -1.889092016724889800e-01 9.731058256889967284e-01 -2.999626287147166837e-02
2.207966746575946271e+00 1.694861576505332368e-01 5.746231972798033771e-01 2.010409186812914806e-01
2.424196245822548779e+00 -6.337517602621882684e-01 -1.231499029807807011e+00 4.551668688079094083e-01
-2.908712087441415739e-01 -1.293604207002837736e+00 1.038891821184520836e+00 5.547781788715342444e-01
-4.374954356823062412e-02 -3.225932617195461510e-02 1.915748021305562654e+00 1.234475583187761183e+00
-3.527364015655389817e-01 -7.611399412893734562e-01 5.564861815515173005e-01 -6.480611733881186387e-01
2.784252548424781537e-01 8.271422794497963471e-01 -1.034814691153387090e+00 -2.579908738620047548e-01
-3.616058839503515365e-01 1.295942014224590988e+00 4.874611250730406797e-01 -1.077048408486772635e+00
-7.490866093143770943e-01 -8.605734988692319565e-01 7.915124226707463961e-01 3.977078218713657742e-01
-1.184234599058606285e+00 -6.277470419609764152e-01 -1.655438515646948883e+00 3.587724969907054029e-01
-4.515175378048245092e-01 -1.574072166442990639e+00 1.575525771251345963e+00 1.243614672431993418e+00
-1.507994427141206462e+00 7.728834354154795472e-01 -9.979874761476208445e-01 3.693181698603671403e-01
-4.772979796275464981e-01 -1.068473793677227723e+00 8.485416764571578341e-01 3.540264679295069827e-01
-8.948197364399009812e-01 3.022910397987081943e-01 -1.160122369403399079e+00 6.788390663099139744e-01
-8.107658583452362899e-01 -7.618551131663742204e-01 3.771410271649100476e-01 -1.169620185564213433e+00
3.093358148196262980e-01 -1.580960035595528057e-01 -1.186892049479487010e+00 -1.250037159162878497e+00
-1.915456460978089970e+00 2.077384031972174583e+00 -6.676330106493616467e-01 5.920322711795875659e-01
-2.671093770823645408e-01 3.329000402872022146e-01 1.308519280989844935e+00 1.584642671659057145e+00
-6.447140467703881272e-01 -3.697426813195156536e-01 1.065307759636481499e+00 8.095293654742413691e-01
-2.918390816871533344e-01 1.890521498004495149e-01 -4.444145646274471062e-01 -1.226310453583585147e+00
1.152518740143232190e+00 -3.037740805866795402e-01 -1.012399663135140404e+00 -1.072862922580290590e+00
2.579574774548935689e+00 -5.321434509738043328e-01 -1.322310141123538729e+00 5.735066969631742451e-01
-1.383980481770823001e+00 1.919160806648260831e+00 2.075316737073777951e-01 1.292625221407670333e+00
-1.074975047606389511e+00 -3.743131536793387060e-01 -8.660858873972019367e-01 -5.394650325929827295e-01
-5.710628677956908206e-01 -6.090145610806902976e-01 -1.575164245984478795e+00 -6.149643876870537484e-01
5.427554168390523737e-01 -4.644767315141350439e-01 6.626383810458350565e-01 -9.257886010312715852e-03
-1.122245282092596969e-01 -2.863147439425933194e-01 -5.388575423032716527e-01 -1.404018906181925930e+00
-1.007448312555355052e+00 2.406383960974837866e+00 -7.623626959334589559e-02 1.484254512550236438e+00
-1.544066429789893835e+00 -7.008469811276217820e-01 9.004019328318427773e-01 1.796384648927765865e-02
1.337552025313314186e+00 2.907636388794949678e+00 1.292105278567735827e+00 1.480381909476160551e+00
6.220153689804009955e-01 -7.783601931362885695e-01 -1.829257339172751795e+00 6.279750338323305536e-01
8.415728249913509984e-01 8.033073924417998002e-02 -9.547569928723440014e-02 -9.803811075857403745e-01
5.384441069924220669e-01 8.077152467023715476e-02 1.017854863756782358e+00 -7.430748918273144543e-01
-1.353490344164348214e+00 -4.746992493534317181e-01 -1.563615657378864432e+00 2.069194116094647817e-01
1.018387248924218502e+00 1.925245145747042308e+00 1.946222169363229781e+00 9.741398679924436754e-01
8.328721671842357344e-01 -8.458241231127332227e-02 -1.760633334391420224e+00 -5.041183461167048074e-02
-7.069666073121328997e-01 -1.003240542971715943e+00 1.168995797187481589e+00 2.300966096199067931e-02
-2.726632868142463972e-01 -1.436352853324466272e+00 1.245391320971361848e+00 6.591638295930318803e-01
-9.777808988213150254e-01 -8.638358083993075143e-01 6.838054092942691398e-01 -9.377197099873779695e-02
8.885609665557695491e-01 -2.477424910190722529e-01 1.224694801323763932e-01 1.276495549134120999e+00
-3.795816948508237698e-01 1.654035601019902657e+00 6.699159717698849326e-02 6.616870014237498099e-01
-9.592315942906717297e-01 2.369714123380160450e-02 -1.498416850875853745e+00 3.857449816018166944e-01
-6.266547341774950652e-01 -1.150352683972944101e+00 8.295349290091804662e-01 1.080132664865344427e+00
-1.902894054780704058e+00 9.586285255398995231e-01 -1.072056772567646865e+00 8.550665842672595662e-01
2.467997755188199971e+00 -1.382070599115212406e-01 -1.132606184832847696e+00 -4.380676556697540164e-02
1.676221412945362754e+00 -1.377560438801897769e-01 -1.525240174538777582e+00 2.459513134320517880e-01
9.632841451749870609e-01 5.446134970922865415e-02 7.609428043309607315e-01 -3.105983185871343255e-01
-1.536909870345244400e+00 2.334065470215013871e+00 1.300317381381000115e-01 7.051363061106233898e-01
7.815400352129472927e-02 -6.383892572395691856e-01 9.889080701857945188e-01 2.326038508690728701e-01
3.317141317989638627e-01 -4.969765064898291201e-02 -3.440398899530519028e-01 -2.920970870519737361e-01
-4.723968764746891424e-01 -6.608089614848016158e-01 6.336235340814047046e-01 -7.501334756075224153e-01
-2.082837452851441645e-02 -9.835329196163719034e-01 1.064382301496550998e+00 1.230774701854261632e+00
-1.463271384339198677e-01 1.134644269611289058e+00 -2.166215788498289108e-01 -5.609090826161095000e-01
7.698235632453878097e-01 -7.370433478341813505e-01 -1.722906335355429475e+00 3.335918453952843032e-01
2.920844289072178634e-01 -1.699871732613235098e+00 1.439206365332120541e+00 -3.456713046539497403e-02
-6.019243921552068777e-01 -2.119850900656950199e-01 -9.110050376951915885e-01 7.816741940733571425e-01
3.030627615589613910e-01 -6.919010244658123643e-01 9.972443345882660015e-01 2.879792721291202576e-02
-1.196390140920576550e-01 -1.279850957665834121e+00 2.166004790405786196e+00 9.446203980580845094e-01
-2.801718828378480519e-01 1.988971383814757576e+00 9.843959729253856095e-01 4.415294108247892479e-01
8.203152245654161678e-01 3.043441160476669793e-01 -9.236838822231260293e-01 1.002076799051013767e+00
3.865422354270272587e-01 -1.470491048698017389e+00 1.081137973610409198e+00 1.119442126173084917e+00
2.027733133968189494e-01 -4.133083794533306543e-01 -9.291456665018302807e-01 3.583658154571678911e-01
2.776024854402218134e-01 5.887104617806013795e-01 8.920457972841433492e-02 -2.328915376058415809e+00
1.165028969165310402e+00 -6.791142640484171267e-01 -8.131333761831061047e-01 -5.640334128360252608e-01
-1.070252967711219583e+00 3.155790998745439668e-01 -1.236738673528029020e+00 4.250153378639289631e-02
-6.938306065734180239e-02 -2.893087153287737801e-02 -2.500883759467973366e-01 -1.742840849920460844e+00
6.350705998159780763e-02 6.800625690629159559e-01 1.275823812360963094e+00 9.686095812439289299e-01
5.826985470212158180e-01 -2.364087393922645608e-01 -5.619838791821465396e-01 -1.347268178350964352e+00
8.605065833337729453e-01 -2.907860643493231922e-01 -3.569785785747487394e-01 -1.798927842795743137e+00
-1.828726512250159475e-01 -4.902491223755618410e-01 1.314190878853828348e+00 4.156690163148217265e-01
-5.199574189535653979e-01 7.283130958874461935e-01 6.100821607668196478e-01 -4.692260779987548203e-01
-4.210309059945961940e-01 8.256940624644459881e-01 8.499244235818341486e-02 -1.496089541538794032e+00
1.367752957494348998e+00 2.182297551683919645e-01 6.694277279907293043e-02 -1.531135329306246184e+00
-2.612891178953778426e-01 1.206318757922107521e+00 3.504947230878643349e-01 -1.508634092511975000e+00
2.823460554110855392e-01 -4.032686780821964079e-01 -1.216675546983342571e+00 9.576691335869945698e-01
1.702948510814330962e+00 -1.188016033463439036e-01 -1.792779061736531898e-01 9.270143441675500473e-02
-9.544164415890749043e-02 -4.550180719105358373e-01 7.085175050087240134e-01 -1.411267204119288188e+00
-1.986241482315237450e-01 1.551469938664073178e-01 2.923684536999773820e-01 -2.132661240072192044e+00
-4.051036995558468523e-02 -5.554356277067766801e-01 7.772647370152833135e-01 -1.109244779575847994e+00
